764901 1000
9866
9657
11099
4016
17437
6775
2861
3952
2046
8816
11700
954
12100
5178
15046
6069
18160
10213
4658
586
9348
6800
4016
6359
13317
6777
18307
1135
8152
1286
11239
2990
4059
16267
9540
7478
2471
2374
9424
18754
899
5015
8056
4362
966
1838
17388
172
9210
6264
10538
4297
10055
11561
3212
13939
11891
18887
7560
17144
9313
14303
8699
16787
12131
9031
8347
7295
17806
16508
3019
16284
3461
2022
3380
17545
19181
1945
10116
7339
9449
7395
17867
8234
7782
1709
12408
6951
11216
8505
3092
6997
5953
10267
7550
8558
12403
7227
9641
19376
1216
527
9103
44
16829
13631
5977
8859
2459
11312
9731
10528
4269
2629
6478
6520
414
4448
9495
10719
5611
7057
19006
10449
8560
9857
9541
19772
7081
19744
8566
8212
6670
6505
9840
12267
9253
6104
16239
3070
14776
11135
8945
6707
7290
1211
8378
7938
7412
10446
4494
5983
13074
3116
3487
1620
7243
12412
1906
14465
426
3472
12853
3310
10498
6232
14257
13452
10226
1540
252
8727
4149
3871
18003
14521
17763
4718
3442
10781
7327
1311
345
4089
8278
2120
16045
15880
8783
7941
5834
6281
17007
19609
4914
8608
1035
551
15526
2926
16218
9795
8690
6476
6486
2015
14320
1124
11271
6439
19139
12728
9888
12005
15322
11145
12139
8857
19403
18629
9119
5813
13753
7653
14456
7502
4219
515
3852
500
18693
12401
13674
14401
2014
10336
6295
9095
5079
11091
17910
3455
2249
15195
17720
4151
3623
2625
11396
4100
8421
10375
4348
3917
2139
5036
8560
11556
8514
9629
8535
13084
15278
2264
5866
17735
14114
6445
8497
4447
7093
6857
11089
12359
4055
5828
11042
1916
16787
7694
4938
17271
3824
4503
9532
5677
15024
19612
10799
4381
3695
1766
17616
12090
8866
11246
1289
2329
13896
10244
6470
16179
11163
13739
15569
321
12187
19240
487
12454
15496
2258
1212
11191
6573
12045
11740
11141
9077
16181
10272
14248
15108
4987
6436
12606
107
19186
11038
2344
11513
9082
11867
1180
6435
17837
15542
12146
16235
8118
18029
10275
475
10516
10221
10015
15755
17846
8709
18575
10848
3293
7560
11008
3477
18243
7420
10313
16587
5090
2968
11106
9079
2366
19272
10721
7184
5501
16960
19720
12303
10035
7552
6622
3751
19778
4272
10609
11756
13903
4635
12251
5338
6304
14991
19209
448
19986
17169
7947
7602
2510
3446
6482
6608
2808
7407
6653
6982
944
836
19450
6112
9219
8648
7445
16216
7489
7751
10634
12616
2777
1507
16175
1744
15575
14444
11450
9266
3884
4710
18110
15547
5980
4061
11464
2502
8611
18880
9024
14191
17100
8880
8307
19099
1023
7408
17348
8771
17396
15805
7034
19061
6506
5311
4206
8932
11081
108
12081
10594
16257
2635
9654
7153
13144
6180
4107
6305
13879
16116
18359
5941
7189
3698
7857
1936
3259
12567
11996
24
15057
3640
696
19786
8603
12682
66
12099
3940
1758
7080
15559
1741
2154
7003
19184
14364
8860
11441
10640
7475
2736
12464
16945
9109
4800
2608
6861
2180
11997
16773
2260
666
17644
19571
10215
1341
2477
8024
4261
6216
8128
11558
11535
9130
7606
7990
9699
18755
10415
19811
4148
13607
9183
4762
5510
11439
8307
16912
5244
6730
3506
6080
14936
15754
1046
7382
8253
5273
16999
7026
14520
9466
7826
3447
3068
17683
170
8900
2203
232
2492
9173
5163
12592
8914
1219
4312
15751
17157
4137
19074
8942
15916
4408
6755
5073
4216
11518
1286
17654
1304
214
3825
2196
3032
1453
12125
9204
3105
14843
6458
1234
8042
9978
4264
169
13948
8784
4744
9825
4519
6233
147
10335
485
18090
1245
4829
5242
753
12024
4630
14395
4550
906
4282
3282
11559
6244
594
19192
4003
5272
11998
18409
9177
5634
3799
1372
8891
6081
7618
5110
15424
10571
4080
17105
10215
11923
10803
5797
13449
5042
5274
5410
11365
2826
2471
9844
11908
2788
8404
19399
4773
1713
17722
829
9156
2387
5449
15051
4940
19326
12435
10568
3734
8254
8501
6008
14415
12096
1540
5283
12190
7987
155
9202
2071
3447
19267
593
5855
7483
10278
13871
14357
7066
10012
9858
12706
5138
149
2865
5528
1639
15632
5835
8913
15261
8417
3500
9683
11542
19992
10387
923
8965
6573
10864
7454
3852
18160
13752
7717
2725
15440
9105
2633
7550
12359
558
8700
12831
12374
733
2275
18226
5572
8584
6074
2935
12214
4678
3410
7202
2702
12030
2164
16874
5380
6789
4488
18871
5499
13108
1899
12122
11369
10849
19069
17027
5011
1245
8720
10817
10202
17960
4676
8819
7942
2762
11364
10685
2396
8400
6676
2595
6181
7947
12237
11501
2585
7718
13304
2317
8072
7448
1334
6305
1957
17613
8217
9323
13088
1965
133
8554
16669
13292
17401
1908
12289
946
9568
18705
14900
8076
1806
10143
9382
10937
6992
14192
5286
11528
14491
2327
5574
1972
10968
9056
3267
2402
4625
9836
3450
13694
12927
9224
1649
11890
4801
4196
9520
10334
6422
17777
19227
11009
17396
8108
12158
19633
3991
7175
3822
10568
5957
9184
14117
9026
8275
10403
2343
2093
16686
12183
2610
4198
9420
15901
14774
7383
946
3472
17248
17274
971
12598
17458
4981
19980
3585
15361
18947
11743
187
15220
11934
6904
9370
17848
8789
19151
1270
9917
10901
3701
13964
10933
16939
2119
12117
19706
9402
16637
9839
10873
4805
11448
422
8724
6836
8989
14705
8673
4161
8658
14336
6669
13369
10520
6291
18357
1425
8380
6917
2400
11734
13870
1219
444
16371
6421
6207
8817
8240
5542
4408
6158
9245
18621
2830
9894
11923
1186
8249
11669
7620
17455
13584
7234
11083
4571
8242
962
3306
16296
5651
12708
7025
3607
11502
18872
5444
8172
5551
3789
4970
11695
664
17122
18188
2922
7774
10456
3097
10558
9483
1226
13070
9877
1103
4990
8860
8731
11957
4467
4519
610
5408
5161
6336
18509
10143
19663
9951
2972
11660
2990
6439
18406
18853
15983
11928
1973
91
15516
10670
16959
9687
15913
8861
12407
6705
6951
5608
8644
5879
7798
14402
1755
5851
1869
10817
1842
18060
7949
