52966135 5000
344
12161
5788
325
12900
3142
13751
6684
8209
2687
10746
9077
12443
5075
8848
9438
4994
19355
9158
10854
4169
7834
3795
7664
7101
7756
5289
10518
17372
3039
13054
9409
9382
8438
8380
11574
13318
2391
7763
2119
5310
18760
2054
13195
6285
15011
2232
11880
11520
13027
6900
19136
6991
2730
11127
175
3564
2598
2519
7792
16954
2041
12459
782
5337
15521
2863
10131
5904
881
3527
8467
7036
831
10417
6985
497
7804
7162
13144
100
6953
5979
18900
16356
263
379
18677
9302
18550
383
2367
2597
7412
11412
12667
2825
8039
8359
8476
8954
18838
8339
1055
2108
10792
1743
6629
8612
11336
2267
8564
14140
6256
1010
6123
13678
2369
1746
12300
9385
18738
1572
11496
14751
2398
10045
8820
13675
2909
11429
9096
12087
11909
11304
2971
18429
1748
14423
17323
2883
7635
2455
3701
9560
5803
8597
4082
2635
782
1545
1402
1072
5737
8497
10521
9381
19462
5420
8605
15451
2340
3717
1955
12070
18116
16420
15595
13910
4562
6948
5221
1959
7483
10774
11410
6370
11225
16433
12064
17037
6167
5160
18791
12204
14574
4829
10863
6861
4586
10555
7702
9051
9812
19483
10239
11534
17056
1310
8765
5396
15585
5878
15948
15386
10847
1938
2165
11240
271
10561
6033
5298
10055
309
15673
19069
14726
4013
7728
11136
9074
12177
12115
352
8624
10104
4816
3417
7965
6968
3342
2093
6050
3444
15417
4638
7258
19363
12107
1919
5878
19251
17849
5295
465
6084
10433
9357
1027
14840
2343
14094
18773
15761
7399
12171
4301
11744
15885
9407
7628
5622
18574
2720
338
10486
13763
1590
1146
4828
10088
6770
2098
19746
14320
7212
10131
3985
15714
4572
5697
5194
1215
5161
1478
7409
570
8012
19529
9934
11870
8492
6173
4361
16613
3438
13598
11211
6632
17507
5884
19465
14540
10961
4760
12575
19157
10500
10048
18470
686
1977
11762
11901
9009
17570
3573
11809
5608
10696
411
16256
4188
511
7589
5642
4397
14139
8976
12461
5921
16556
8256
7614
5482
12020
4204
12801
11462
3485
15115
12505
1047
5027
2171
11279
1717
16056
8616
6568
19534
1984
7687
12146
11280
5027
12393
14006
11572
12208
8808
19749
14298
15525
8021
8977
6489
2084
6276
10772
3176
6368
3152
10896
13917
1176
9664
16861
6026
7453
18040
1335
15533
2032
12719
1269
12645
4897
17385
3990
953
15852
10321
16219
7079
19828
5719
9144
8492
9615
12446
12791
14385
7273
17870
1037
3482
1694
916
5532
7414
2062
19592
17330
19706
4355
3459
10148
9863
5566
18140
12620
7730
5739
2403
17885
10924
21
4153
228
16305
3020
2960
9743
12094
9625
17437
17396
10982
16876
1889
7006
18080
12514
18072
7165
5082
17501
6004
11529
11002
4309
6830
8157
18130
11575
2206
12728
8211
3691
9051
1344
3221
6778
5822
3598
3264
5420
3852
18454
998
13225
7784
16046
12313
18245
17384
5621
7877
12301
4041
14526
7136
9273
2063
844
2503
6431
445
149
3534
15805
5895
18151
10188
11988
8263
3073
2308
14887
9590
9399
4474
8565
6492
3531
1031
10478
7276
408
1903
3340
10230
9834
5344
11942
8480
3462
12638
12221
10779
10645
808
18420
3919
8226
1933
887
2844
16942
17190
18360
11909
11180
14449
5434
2673
8185
12120
5594
4170
1564
12483
18508
1688
10499
4635
15232
18113
7400
5982
2322
7923
19584
2414
1055
9697
1810
11774
7259
5623
2418
1645
8758
3589
85
6561
3036
9596
10248
14714
19977
3138
3757
11544
4884
4196
12617
4017
1133
10249
9471
6874
1247
2212
17058
10686
8632
19223
18185
85
5462
6393
9164
2161
2431
19284
18239
8122
8077
10300
6722
6727
8750
10398
9278
1750
191
1934
4103
5519
13977
4232
13458
18515
774
6339
7127
16422
10301
5691
5364
9838
16698
17003
18019
1629
19399
6363
10600
5645
11442
12148
5960
4537
2059
1318
6751
10662
9028
14325
4593
140
8688
7333
2704
14982
1958
11132
15446
3025
4136
7076
319
19214
256
5015
6805
3031
17261
3991
361
4961
10058
15781
12746
14885
14959
10345
9383
17243
2880
12587
11878
4223
17092
5316
7541
11297
9780
11942
4791
10309
11246
1700
5927
7067
6128
9023
3803
14706
1103
9442
9423
10829
12435
3889
16002
12142
17883
1074
13000
17839
16631
12422
16715
7804
15758
10006
7680
1338
768
15131
13929
9297
10183
5457
11014
3933
12202
1315
8215
2259
10982
1580
6638
12497
1424
15603
15793
2096
6975
16694
12637
5355
18409
8407
9683
13078
5708
16857
8512
149
6686
7304
12272
15126
7669
11932
18953
7455
555
315
1439
4823
16538
1768
12929
11704
4262
5584
8025
5829
17278
10341
2560
4829
16946
12960
6381
14695
3283
19009
7706
9348
6100
16489
8070
7292
7192
19043
5444
8822
8861
2829
4480
19587
4262
8662
7356
2442
5357
8646
15211
15771
19962
1941
8135
243
5712
15995
7824
1269
3176
12126
1473
11612
19454
2713
6087
11300
7540
2753
4
17836
5339
17399
10368
18539
19292
4563
7478
13377
4014
8277
6544
13768
2928
10898
12542
7990
12464
6522
5788
16303
253
2716
8452
11409
17451
10759
12172
5279
17227
2467
12872
2932
19757
6728
17074
12013
13248
16871
9355
7171
8095
9654
1845
11212
7637
9469
1011
19177
7058
7097
2504
5758
2226
14654
8436
873
4352
4070
14156
11105
14698
2862
10864
8135
16107
3339
7647
11008
657
17123
5255
7428
645
2815
17082
9258
15451
15440
7234
8325
7695
12214
419
5807
8131
11427
7680
976
9571
17925
6578
537
4600
11465
12763
11244
6435
4769
7354
4441
17017
5595
8713
3542
5689
3056
3300
18801
3282
8654
19966
12314
17641
409
18752
263
3050
4634
1184
1024
6034
8681
16979
5766
5978
634
3599
621
8726
7323
10009
6650
8581
6086
6163
9526
10054
16060
9765
1662
11758
1096
11784
6056
867
19454
2213
2566
3392
18870
12157
4804
2645
3173
4307
19326
2811
19095
4819
974
18695
2720
11115
10607
13484
204
10028
6439
4835
8137
11970
16919
2738
3950
11670
5326
16723
7110
10574
13278
11615
10749
4238
16263
12474
6437
1252
9240
4624
17700
6599
16112
19553
17501
8351
10231
4078
5566
939
11004
378
18866
7857
7146
9653
5311
7192
12315
8921
18807
6375
17963
11561
12525
3743
17482
5463
9410
9010
9098
15233
9992
10298
2146
9382
3205
18619
4366
12026
7750
3129
5954
2244
1478
974
11130
14763
2551
18837
635
5185
14289
17969
8459
16307
2936
10432
2428
703
13520
14501
8950
9358
15838
13376
13007
4245
8301
2868
6120
12627
5924
9885
9809
8036
8966
559
4722
6990
7912
2824
4254
9966
13064
7387
19996
3398
10354
14255
8973
9336
9698
3971
9696
3375
507
10041
3685
2301
9702
6584
4677
159
10669
8972
1946
5759
5210
12777
7838
2820
15534
4009
4860
9828
3253
113
10543
13802
10465
19422
2248
6097
3684
15230
13260
9340
12878
453
11586
3690
10909
10670
15799
2856
12175
16021
7119
808
10986
10103
14665
2743
9199
2636
17882
4240
4690
14311
3449
3490
9397
17862
15229
4168
8750
3492
19460
11135
2616
11269
8352
156
4054
13811
15604
12880
5476
12203
3699
536
16911
10087
19064
8712
19900
18429
9190
17427
11852
12563
6234
16763
1419
11144
8510
500
5569
10545
10320
622
2875
2591
2409
12310
5290
1306
7123
19102
13666
7732
1024
10802
1338
4110
1699
15520
740
10925
8291
1046
2786
18792
18622
1631
3378
15583
6629
9970
14231
2379
6179
5070
4981
16398
17415
10450
49
6500
6304
12855
8881
2889
14099
5609
18997
16104
5573
19792
330
5555
9674
5481
10521
1247
7055
11947
16082
3105
9711
8121
15428
2830
3086
6712
19287
6675
16773
634
2267
6597
1373
12594
3684
17671
17121
5321
10230
3479
242
1020
8650
15833
2253
12484
657
6568
18533
13602
8380
12140
18651
9121
12457
9127
833
8260
14115
19852
8816
3793
18893
3585
11837
7682
814
4522
11566
1557
6097
7207
1281
10424
12381
12304
12217
11186
16742
1705
11026
8776
10561
17664
10884
16045
5179
2280
11254
7723
8849
5889
17061
15829
19079
5454
7934
8763
18590
8505
2037
17888
15602
11721
16501
8000
5884
2683
12424
10814
17577
7473
8030
4154
17005
2927
13195
19409
10474
9484
11212
8244
3334
10946
7239
9067
18911
8494
14825
17635
6587
12478
19201
79
9315
217
12226
11924
3187
7665
10051
1841
2175
4563
9875
8912
3457
7431
9636
8545
10647
15519
14468
18789
7757
15406
7755
12669
7356
3165
3278
2322
8101
8996
2428
10990
1193
423
271
11588
19769
11830
6574
4321
13430
12625
9915
10319
2311
8705
17678
12708
7231
4082
3346
8573
12054
2412
11006
7995
535
17225
19097
115
6878
15104
5470
1900
900
16510
5642
3322
975
5556
19407
9594
4326
20
6970
7643
6075
2447
5003
6637
10904
2244
12560
5641
10238
3233
5205
15014
18636
18009
8562
14172
17479
1223
6732
9273
10214
11323
5918
3416
6662
4222
9987
10062
7676
2680
8963
8545
8703
6077
4936
7880
19783
3576
8690
3313
1997
6519
14807
15167
7144
9649
2611
5602
10609
15721
12719
13438
3437
4393
9877
5141
7352
10674
11526
15272
983
11334
5628
383
11888
5608
3266
7263
6369
17899
17529
19805
4646
17597
6900
1347
6685
7686
8044
13334
9695
16995
16268
8571
12596
1152
19052
8795
3134
3746
11336
15517
14217
11183
9695
6445
17446
5650
6000
19183
278
13953
19058
16632
14904
4640
13362
6346
7982
6700
14904
11668
15202
2253
2559
12009
15377
3196
3579
17870
6760
260
3728
11953
548
5178
2921
6524
3210
8122
18752
6426
2596
9239
18710
4713
3581
9445
1187
18885
3329
10054
1986
11057
9365
12207
558
1051
91
2907
4022
11696
5321
12298
7411
8463
7364
5898
10835
4841
18478
6259
969
8308
10249
17138
876
5666
3127
17378
6531
11479
15916
6120
7238
14113
261
18770
6625
18402
2364
10160
6285
18144
6449
11416
4551
4499
14873
12292
6318
11047
908
766
11075
13902
2925
1389
12922
5422
1540
19539
14801
10397
2502
13952
8299
16186
4045
16246
13335
10349
2455
4044
5281
16358
4587
7840
12086
5894
190
2344
6784
10785
13806
1139
5738
6871
2877
12623
1353
6441
13855
986
423
12234
2191
4844
1569
7665
14069
4143
1287
12479
10287
8438
6793
4564
15608
490
197
11933
3179
14303
8383
14999
2451
7165
9016
15234
19150
4668
6520
11304
679
4611
11595
10887
3613
2591
14833
4242
17387
8706
6637
4827
259
4720
9526
1175
1361
7921
19109
11361
9069
9350
16340
5720
17224
7393
8950
2727
2590
17341
10340
16364
6421
9227
16761
3637
16759
12650
10429
8939
13732
4097
8506
16835
13048
12731
9503
817
880
6897
1554
4467
6211
8265
4514
791
10684
6858
7412
12837
10893
10651
10655
5296
7993
19640
6825
12787
8695
14674
407
11957
2068
15413
6081
1127
6475
28
13612
15126
3372
10386
1483
2815
18988
4243
12277
2948
7016
11134
14213
539
15556
16072
1707
4319
4517
10643
18530
4549
4003
7261
9899
1788
3848
11846
8895
7181
2968
11587
9833
14501
18256
8708
12389
12338
12744
9259
10298
12210
4461
8589
10709
7661
10428
11115
5980
10769
2654
5245
8238
4389
849
4886
168
1444
382
7908
11600
17645
7421
9738
6476
7839
1798
350
15819
7337
1164
5935
2578
8834
6414
7019
5588
5046
2045
1486
8741
8600
5986
10508
16501
3184
1030
5894
12725
16190
2998
5468
14906
7534
10181
9956
9261
9298
2949
10924
3350
11391
17613
5621
12458
10079
2031
8405
5739
12129
180
12193
1029
11146
516
3006
1839
12107
4941
11541
12983
4134
14216
14687
19873
4218
13239
12685
814
12892
11689
171
17248
11565
15640
15228
17111
7227
11773
15058
8563
4934
5237
8375
4137
8016
6924
5783
9120
6600
7049
14199
10735
2196
15596
7114
16292
12630
3380
4566
3309
10997
9958
8474
1352
9532
4308
3081
14553
1358
14118
11638
2322
6029
10572
9644
11784
11228
8540
12174
3107
8091
9878
8875
9386
8566
3662
14401
13001
4461
2612
10088
1526
12430
12275
11429
6410
1040
5023
1764
16284
6026
10094
364
18943
3755
1396
3194
6300
6012
7207
5981
16579
1965
4205
10853
9657
5406
7658
8425
5879
7677
11589
597
2796
6594
12158
7891
4162
7374
7236
18868
7194
5594
447
8689
9319
14367
2730
9507
11228
8916
6910
2590
130
17920
10209
174
4065
19941
16494
4947
5204
5159
3090
19061
16676
9603
8774
1427
7306
14424
10243
3057
12607
10722
2277
2103
10876
4773
4799
14862
7931
5015
9750
6550
7735
2777
3557
4215
15003
4385
7662
5151
9950
14237
6010
18582
7394
19409
10786
3533
426
3992
13564
12106
12456
3190
10220
9855
13351
613
14230
12645
17755
19272
3946
11793
7312
6147
11230
1718
9929
17581
5215
11722
1269
12906
5082
5681
10941
10859
6727
4685
5593
12386
16480
16676
11373
8949
12345
9333
4339
13049
14832
6496
16721
8341
12419
8283
9812
13372
16359
12217
3186
1589
17317
1234
12454
9510
7341
8551
7336
421
19700
10035
2557
3684
16770
9473
10005
19236
9210
6668
7401
10000
3633
10256
561
15298
14281
6961
2025
6059
18362
2124
3442
9133
2743
181
17842
807
1919
10242
11655
2298
357
3744
7017
8725
4482
260
3994
4140
11092
3611
6037
19425
9163
2632
11745
2258
4296
6618
12205
5976
10513
7611
2196
12666
13037
3147
10082
7781
17388
7425
10034
11222
12854
17368
11419
11547
3528
1133
7102
17994
450
17926
3991
17871
10018
9879
3464
13574
6889
12974
7300
3904
5515
15771
4877
6444
5159
1667
1970
6031
10422
14563
12616
18537
10555
13464
18077
18139
238
2304
13269
19552
354
12296
956
15391
9399
19329
7482
4865
15055
6325
3687
2527
5149
1595
7000
15005
6024
15677
20
4821
14255
3838
12360
10545
15954
5003
10523
4431
12002
10117
6361
6586
11645
12634
7415
11791
4792
19265
1651
13258
4636
4658
6868
18766
7960
1344
8822
15747
16458
6847
8977
12988
505
3525
16692
558
9077
11400
6248
7312
18622
12716
2742
11098
12728
14049
7626
13529
5150
9536
707
11249
992
11641
5697
1538
14410
12152
5010
16321
8782
1497
1757
7068
6114
9590
7209
13049
17802
13298
13760
13863
14220
13451
2493
1676
4629
3819
1681
9166
3512
12541
2496
7159
4388
13303
5804
1505
2909
4399
14010
18581
4076
4074
8480
11740
18141
19692
4284
5532
10373
11197
7700
13737
12794
1842
9002
6435
8869
19906
16793
4564
1915
10433
8657
10578
1310
11347
11967
6684
1612
17547
16469
983
265
15666
4632
15115
7252
15903
14927
12580
6738
10825
10218
4767
7901
7086
5603
17972
17643
7807
4987
1928
10990
2247
8297
6753
1462
11380
1776
1458
2743
1064
14376
7658
14427
10196
101
4771
5241
8406
7113
388
6588
12594
13437
2410
6235
8805
4655
5045
8049
7995
234
11429
2837
1999
4513
13532
13075
6045
4581
12596
14091
2406
9265
9533
9362
6249
4598
3692
7807
2823
16065
867
2014
2863
6244
19609
11123
5970
7748
10688
5186
2988
14584
7342
1022
3691
5665
4321
3540
822
1304
7805
3626
4953
13271
216
6313
3522
3452
4516
9586
16850
11752
18202
5039
1896
10108
1425
3793
4312
1627
5775
4582
2501
14169
9460
8603
15342
6227
732
984
2087
13864
15577
12352
12239
12431
417
631
18832
5011
8666
14850
6084
1994
12514
10715
1397
9831
4593
15588
2613
7515
1398
7484
17504
9757
403
19042
10726
1772
12096
11178
11562
6850
958
6257
8966
16188
18393
5407
2992
4790
4627
12504
15424
10766
7365
17618
11288
6206
11380
19275
868
3225
2379
333
405
14774
12609
12268
2477
14422
3762
12168
413
4875
5730
7751
11193
192
5213
14569
12892
5417
12294
2512
4806
19299
12449
11196
7411
6447
2131
11163
12934
7875
11005
7386
12026
9846
9555
2679
1677
4925
1084
3784
12507
5307
3932
10219
3268
225
3964
12597
8459
16090
13729
2499
1837
9843
5673
1063
11247
19688
4024
11636
11808
4353
175
15379
1979
6662
1893
10541
11834
1708
8648
11573
19830
11670
15063
9302
9963
12081
6273
3081
5909
2244
5275
3257
19257
2381
12213
3054
7188
3542
5491
17894
5343
16249
6340
7458
9531
9576
3983
14076
16668
609
6494
14803
12258
3366
1862
10549
17081
18801
8943
7224
990
3658
834
14237
10111
12370
3617
8396
13776
15866
9943
7772
1402
1427
11518
2770
9134
4698
10238
2125
5692
15977
4298
15151
4543
5004
5210
6135
13024
5587
17168
11621
13266
3163
12084
3026
1340
5846
632
4092
3876
9591
15068
16668
9549
15418
652
6104
13783
7050
19766
4573
11722
7952
17311
1732
7875
9439
10018
810
13065
6034
7995
17454
7396
15520
499
18230
7484
14488
4610
17462
9808
7801
9006
10459
10710
4712
16250
17702
16106
3162
19675
8403
4161
1006
4823
18206
18865
7904
917
8132
9206
7310
4075
1991
5523
12309
1369
3793
8275
9793
268
8381
1271
19035
891
16873
8944
11141
12840
2575
3787
10020
11736
17714
7874
15524
10599
4074
19133
10205
9816
7680
11381
5615
1102
11473
5788
14139
7320
1336
7770
44
5698
13530
13114
10715
17097
2576
2519
7695
10082
4899
14435
16043
14899
873
11060
9153
18220
3234
18807
7605
17530
12491
17266
6171
8859
7517
13486
8174
19983
4074
18207
2143
9750
4307
2282
2353
2013
51
8794
12650
7889
12761
11435
3024
557
19861
17612
4056
7898
18927
2939
17543
10980
15809
7849
2804
6080
911
10874
15993
18575
9082
10856
4340
2331
2663
6338
9084
8606
8545
8183
9676
899
8182
284
14788
6596
9665
5183
10401
10688
18580
6204
4838
7090
13411
5637
8185
1577
5795
847
9259
8775
9871
11526
6136
11971
1774
11697
7881
4286
4005
7711
8365
19317
7681
18701
5866
3596
10887
9487
10883
10560
15798
8940
11969
1582
11015
18930
1307
9128
18159
18037
8165
735
1168
11191
5222
5671
19284
9254
9001
11464
16030
827
9286
5764
16003
12598
5852
1197
2725
8384
197
18033
7299
19845
6371
11220
23
6956
3016
8919
16079
6078
11937
10148
2426
10036
3110
11502
14684
13668
11011
10815
3020
12312
6961
4179
11811
9146
8758
6774
10385
6928
13127
11294
16720
3032
9185
7994
1692
1153
2169
6482
17488
14576
859
19221
10825
5024
7732
4586
8769
9932
11328
11044
12082
17239
9599
10667
7421
9271
2344
6839
15670
3961
6091
6137
2194
5090
1701
13459
7236
16130
6069
14741
12522
16635
3737
9313
16112
15738
1345
12494
11475
11630
12154
9405
9558
5138
11248
979
961
16909
17920
1019
157
19540
2331
8853
11035
1837
10647
2139
7244
9188
11760
12752
16298
9178
13316
6627
4320
18367
3625
2827
19258
16415
12679
517
4401
7289
6636
5863
10310
5010
18297
974
16250
15746
8284
3103
15594
7549
4105
7255
1846
18412
2053
8876
14396
15581
6875
2672
3309
6698
14892
2112
7735
11137
7768
5701
5878
17724
5013
5396
19243
2539
9577
10585
3520
11456
3399
6857
17238
13311
3196
7250
16245
11417
2048
19023
2129
3349
19085
2720
12202
12819
1851
12315
5688
4768
17126
9076
7323
4406
11972
13341
19583
9486
2646
2831
1423
987
8847
19839
14251
1280
15194
12659
3064
13309
9109
7811
6772
4503
17576
3901
17388
2530
8187
7422
4945
114
917
8870
6245
8723
10453
16203
11639
13717
4594
11548
10782
1957
4828
310
6289
19290
3977
18187
4444
5090
2571
19232
7671
7652
10868
5224
11375
7104
9419
4986
10837
11162
2134
1295
9909
3211
17039
315
14677
9021
2164
18446
7463
18239
4411
12240
18352
2592
4619
3221
4752
1382
18529
2127
355
1328
8811
4376
3151
3906
11871
420
12973
10916
2020
866
3037
14010
13735
10592
2772
2563
4031
1723
18081
18208
7045
16063
17360
9974
7397
1530
4190
15
13948
5898
6821
10744
16035
1248
7453
15914
2336
4586
135
7045
8470
11108
9582
15861
6335
776
86
5601
8102
18873
8207
9350
14857
11796
3422
118
11724
7656
19115
11971
8688
7723
654
12024
6814
4781
9481
19665
20
4460
4345
16696
17062
7222
4815
11606
1989
8810
3340
10906
9725
1975
9290
2897
3592
16036
7146
10252
1465
10273
5642
6756
2052
2974
12327
6200
7029
11951
9168
9889
1560
5287
8771
8842
9434
19123
6847
17484
13070
13686
7971
422
4657
17558
11362
14854
863
17668
7338
17718
18524
2037
12612
63
13466
44
2587
19021
10718
2078
17159
11747
6777
10842
11096
11012
10815
10802
12398
18698
1509
10830
4836
16393
3469
6940
12713
4103
14728
2461
505
305
5603
13438
2683
9221
2168
8744
11663
12019
19787
10308
7185
800
9573
606
16178
16206
8475
12235
11273
9684
9803
701
10339
4198
992
558
7784
4829
5452
7578
14815
10391
7960
8109
3949
1716
5055
17757
16568
16747
10334
410
9246
8888
18415
6145
13641
13214
5104
1685
11735
10798
10500
16333
5250
990
6525
16253
207
6466
15526
7746
8809
8746
1739
2969
4734
10227
12394
2934
7251
3667
17505
6982
3904
7578
3344
8649
2149
11158
11419
804
15353
19084
9624
13002
19479
6248
6212
4576
2806
523
7683
14579
18360
7348
18088
10
2400
6747
1987
9559
18407
7548
4749
13332
4400
10907
2155
10692
4475
5275
10275
4431
9230
8314
11304
4066
7181
7136
7775
5026
8939
415
309
12579
18846
12552
7729
12240
1877
13968
5329
7824
2012
16685
15002
14661
3446
15747
9075
16355
16984
5440
10569
3282
6192
8166
9909
13396
17801
8672
4180
4133
987
10797
11140
6653
2403
5195
5940
15668
5647
10720
6167
4247
9796
912
1309
3485
14653
11171
12503
882
11098
289
5805
11729
7725
936
5816
4516
15477
6716
16949
10451
18869
3354
12017
3102
6541
11065
1860
11947
18217
13747
8896
2177
16536
4274
10656
17679
13582
8085
1996
17155
16079
11131
10368
16796
12624
15882
2468
11966
15643
11221
15058
7814
6284
5185
2170
19302
3367
9100
18690
736
14523
5315
8419
4240
4949
13810
729
13505
17196
9912
880
2287
1170
2657
10305
2625
6088
9710
9981
4653
8720
6696
3586
11804
8042
2925
5853
2533
12466
1076
18294
12385
5985
15273
7378
3737
2993
12125
12093
11678
8233
2330
6504
12211
10351
9519
10298
1683
12563
5729
8735
6692
15780
8251
4706
18670
6444
5465
8132
1903
9816
1493
8561
3074
541
13305
7346
18816
19012
12241
984
5583
9593
1175
13670
9251
18481
10868
12240
3247
15818
4435
13840
19859
17535
18124
7688
13783
2257
18237
4682
18439
1037
7459
17710
9678
9048
2924
17086
2129
17861
6388
16222
10766
3104
5217
1892
4833
8893
962
10695
7620
10061
5476
12505
17800
11921
11379
12284
9724
8118
679
3089
798
9943
3422
1310
16121
14284
3631
9271
10501
9682
7632
10261
1182
8011
6930
573
8804
262
14234
1991
4229
1002
17175
4690
16625
2873
12207
4282
11370
10298
859
3217
3419
19766
5717
13463
3918
15854
13218
14915
8132
2587
3743
10576
11936
315
4292
4305
2389
2201
9362
19183
519
2227
5323
11991
7552
13869
12202
327
19107
10679
4763
9660
15359
9512
19141
18725
5379
1852
705
14278
7899
17514
5648
433
2189
11516
13059
18535
11842
16047
7220
11347
5408
4097
14519
18296
12129
4876
7591
16808
4449
2625
5102
13487
16935
6625
10288
8123
9066
8663
12643
3790
11693
11021
15099
10647
14220
15260
10922
2985
2282
8410
6545
4340
6833
4573
13102
1720
3178
1164
1598
5384
19462
1061
3939
5933
628
2306
4690
19984
7940
15145
2829
9136
1996
13484
1435
6947
10652
13095
2929
4205
804
7862
7604
10048
5159
10497
5698
18994
6948
5188
2996
11981
5339
7588
11086
8972
10407
4213
10951
3476
5006
12417
17137
17964
13972
11915
7089
2260
10152
12431
2365
10533
18621
5142
12392
1530
2428
7010
10533
1449
8044
652
11358
12335
3492
2164
5103
5389
6344
10358
13524
2741
7084
14169
6733
11736
19844
1843
1401
13078
11618
2833
5181
10081
14394
12656
10047
11300
335
13164
19358
19102
18357
6346
13715
16358
9045
3536
5088
19273
1086
6253
9147
2177
8918
10539
14256
6083
3161
9276
8453
17235
1963
7272
5254
5187
12799
18177
1669
4936
1498
9368
15763
4794
6173
8571
3408
9603
5629
12626
7697
446
19606
19895
2850
13408
8104
17548
14612
17783
604
16246
8269
1635
19759
13349
13433
13054
15665
7696
7436
6262
2585
1309
4868
13967
12899
8404
18732
4830
15678
1655
14446
12293
12032
3867
9459
18336
15873
9391
13859
7421
8245
1275
6388
13914
16006
8428
10093
5000
16870
15735
8091
1585
12652
13064
13755
2725
12917
6852
1492
997
428
16610
1669
3609
2292
4063
5766
17628
4358
4638
7530
9460
7060
601
1995
7740
15263
16631
3390
8860
6051
9237
12660
10523
5783
2850
10539
15597
10958
12295
274
11512
8346
15454
14428
4203
18125
7156
7210
4721
6980
18
10631
18918
4996
14788
14029
5049
18812
3234
17528
8295
10854
3047
208
7827
8821
11187
4916
17902
2784
6047
17414
1440
9657
4159
1562
2314
18938
8836
8710
14763
466
9916
4097
9781
12717
16785
11086
9381
15435
16253
7754
7193
3443
18952
8880
15625
8904
2747
11434
16705
1608
9556
6821
8464
3565
1534
6187
16512
4680
13855
2588
10973
12222
8780
11692
7506
19361
8541
8636
8576
18945
18014
13614
2476
11252
10288
2010
2408
716
2303
7173
2457
914
3602
9669
944
2731
1444
1051
1422
12721
6071
9400
10899
1241
7049
8987
15720
5468
3111
12676
8078
1612
18746
7406
4632
18789
5009
1401
17563
11145
7665
11094
556
1161
6442
1316
7832
5853
7953
6000
5468
7419
7787
8670
9555
17290
1561
7406
13692
2541
87
7333
4446
8404
13039
15654
472
10146
6031
3332
7159
7021
9637
19245
224
328
6168
14242
15437
15092
194
2105
6756
2452
18114
699
19684
238
12418
12250
2560
3559
4969
9762
19602
8381
19177
3463
10319
4058
14491
4538
13777
8363
9005
10756
6055
11448
19724
15841
11527
11676
10547
10028
5427
11879
4618
14719
9252
3895
18894
17172
574
2673
2439
4397
2552
67
15576
12498
15832
624
168
747
3505
16697
194
18345
6864
12767
7019
6503
7246
7835
15560
17365
7249
6591
15361
2413
3001
381
3965
10609
1785
3078
13151
11429
11423
2272
7042
7175
11634
11462
7594
3305
3462
7612
11923
7217
7895
10472
5933
3020
5946
17325
12145
14415
15583
14247
12163
5872
11713
19142
9473
16982
6841
2040
3681
5364
1088
11668
9428
7929
5330
19019
7210
5728
9702
12004
6669
12559
17533
19685
4689
18500
12877
1109
7159
4589
1729
10725
2828
10193
564
11717
15593
12191
8123
10089
3281
8227
4250
3215
12227
5532
12608
7087
9175
3832
5662
361
6533
16766
8079
3099
15259
7481
4674
15610
8475
2149
7087
6209
15669
1970
10411
15301
6898
10592
5561
1314
7708
1738
17817
9463
16035
9272
17159
335
5404
16528
594
6357
8408
14896
9440
8854
6953
3225
3901
17773
1200
5539
3899
12035
8841
2577
17558
16180
5732
11113
1557
15242
11335
14404
18758
189
395
1233
13320
8384
3975
12276
2315
2565
19739
6872
5336
2134
13821
760
12141
5305
16662
8916
5242
18149
15374
7001
12732
11626
9115
11323
18025
944
1961
5604
12879
14695
1525
659
10364
2848
19645
4804
6295
9299
10549
6424
1066
6207
14558
4230
10519
1069
2366
3648
9622
10731
3416
4053
260
8832
12156
3268
10176
1535
9974
17295
16717
10585
7999
1582
18024
873
16022
1146
170
10276
838
2425
9023
1422
8683
11205
3016
5661
14242
19196
2053
1137
881
1347
6134
5893
3591
13328
1969
4454
16332
6525
16761
7713
5670
12015
3391
2466
18232
7924
4436
8219
13339
12481
16521
12718
4139
10464
3352
12604
17842
8538
4542
17898
9214
472
19131
12069
11089
492
10601
1816
11695
7820
19134
6808
1834
4028
11693
17115
2022
609
8784
2648
7913
18862
8292
2867
12201
17012
6249
4865
9568
13364
14527
9071
19118
16298
9464
10948
6993
14550
1676
2546
811
8823
9013
14382
12700
10564
13459
6855
9346
19664
14323
5153
9994
5200
6620
12384
19397
5344
299
10324
11005
15854
7641
9586
3252
6691
823
7460
9339
4203
15468
11960
1744
10464
9251
4436
12637
2212
9409
11243
2959
6382
9990
5029
3541
4045
18153
5723
16654
16863
7726
5546
13666
4788
14951
7371
9132
13919
5945
11613
12007
10858
1437
1460
1812
8532
1165
8413
158
310
6851
10131
609
10019
11503
3732
6562
1573
8251
2632
11727
3596
14206
12730
15576
8355
16062
7047
4017
5507
14144
16507
18245
17250
8052
9935
1400
11237
3222
18560
5512
3658
8083
3975
724
6491
9123
3079
10128
16307
17041
13144
11157
16041
7369
14636
9674
9530
5773
18261
7150
7027
9642
765
10408
10061
4622
11507
3512
13760
18067
15396
17608
6555
8169
3319
7368
10579
7781
1575
11969
7195
5958
13622
2794
3386
15265
8839
10176
1267
18994
521
1326
1421
16061
14524
12685
4155
6683
17419
681
1095
9379
12494
5714
11859
12632
19495
2979
5514
11589
1317
14582
4260
11920
1463
2664
6884
6325
8800
4960
130
12804
200
6237
11825
11709
3118
10332
5421
5344
7538
15803
6262
6433
424
19361
12251
11543
11781
10756
517
10387
10729
5180
12267
6494
19056
10734
15628
13376
18282
3930
9804
2034
9386
5139
7574
8509
11713
18146
4529
16475
8857
10717
9289
3270
50
8470
8678
3389
8811
10867
19231
19113
2641
9610
10206
19016
12331
16472
13259
18621
16649
12053
5047
1323
16246
59
11902
17540
412
8277
5608
5443
10641
5308
18631
1734
4259
14958
4272
2572
3410
12113
1335
15707
8017
2563
116
6961
7016
13985
79
6632
6735
10793
1603
7238
1475
1044
13625
9779
16803
10998
3245
16203
15212
8558
15661
13689
10139
12457
4464
8973
2638
6064
9803
17842
10285
5540
15167
7535
529
15628
2777
11096
11280
1215
10520
2063
9230
12291
7472
12942
19315
12588
6536
6243
2301
3729
13853
6355
4128
3640
9058
9706
1926
19578
17137
3226
14755
618
8467
17376
4370
9771
10081
13591
17426
7735
9264
7700
2280
6332
7854
11745
6703
10670
8917
5269
19864
9102
12862
1721
8035
11262
5764
11931
18230
10012
4479
7913
17366
3607
2649
16707
4631
5983
17770
9782
12733
1463
13598
15232
14806
9967
9371
10445
9366
9491
12658
12872
2932
8377
3479
14364
1392
7597
19954
8309
18921
3815
2019
3118
134
9903
205
2958
10393
7563
12225
6885