5023691 4000
204
1293
586
660
869
353
1
1
722
596
467
666
46
491
1571
725
718
1525
1356
1465
1248
180
25
1155
304
405
269
673
1618
647
951
1394
501
193
974
1655
361
414
1939
336
346
1835
1199
536
1756
560
1114
1624
290
1006
1449
263
80
987
304
245
1155
137
1690
705
546
470
751
1637
110
674
1614
1860
412
1332
933
1758
1881
687
146
1133
681
1343
1470
530
536
1945
294
1069
1904
1906
1207
1359
1407
1539
1112
764
41
1174
1185
599
617
9
311
1480
838
1049
701
1301
860
165
1228
1785
1372
758
217
1650
1435
1842
323
55
459
995
1482
1288
1365
165
1855
1049
442
693
765
447
829
456
1666
1877
1669
316
1027
1165
1598
255
1276
1418
482
1695
895
2
1714
1829
1935
846
1580
889
1495
195
1850
256
1497
411
919
1797
129
962
363
1671
847
719
1368
1371
1688
1175
1679
1107
633
1451
1442
780
24
881
1315
764
561
609
1715
660
1895
424
1751
268
1920
710
1472
1293
1078
1300
1229
927
957
1417
710
947
636
1999
1060
768
912
1686
569
558
196
1938
1399
717
1257
1217
1178
1454
1251
127
1252
1299
230
757
1893
1523
987
1738
409
785
584
740
1494
1138
311
1683
668
680
922
1717
1713
663
115
1875
441
798
1827
1731
1924
268
1446
1319
1636
24
1485
551
874
782
765
429
1177
93
381
1129
67
1607
553
148
1064
1558
1765
795
124
1031
687
107
374
299
1682
91
1532
175
481
397
1713
981
1408
594
879
1881
1359
954
1076
838
1046
862
670
500
935
1732
121
374
1115
1796
322
1458
1749
157
1803
1128
817
506
388
1905
626
527
429
1246
303
1012
591
443
398
1409
22
1146
965
1434
31
234
1527
1475
1553
754
392
1850
411
241
630
138
397
349
47
1253
723
1108
1716
767
1617
1543
1822
919
1610
947
8
866
651
1833
928
1110
213
711
891
1573
825
1411
417
1825
420
1202
1493
1764
671
360
151
1101
79
1357
839
445
1510
795
1777
1736
475
807
1624
535
1680
1727
1255
1327
393
275
721
654
1011
644
1709
884
1174
544
1516
214
1073
1797
124
157
1489
1550
1102
1132
1749
607
1484
1369
979
1398
1677
1991
500
1652
972
214
1323
695
542
866
1339
313
147
1560
350
723
369
1077
1161
1535
361
894
1571
1370
213
642
1457
795
492
1259
1891
1449
1380
599
1469
828
369
780
1141
1560
957
432
1993
1740
1520
1026
703
1515
944
1527
1588
1597
707
351
607
317
45
209
1329
452
1349
1491
756
1386
509
280
508
1622
52
311
267
908
1593
1887
380
536
1458
46
1858
1566
1772
834
765
588
1723
1555
967
1980
1083
137
1225
1839
1389
1546
1652
1300
1095
1358
1244
333
539
1301
222
96
1294
1327
1317
140
969
504
445
990
1989
1453
1219
336
1745
118
1848
328
1523
1127
528
673
1803
1943
79
1165
1314
1466
729
537
62
1554
356
1255
762
1702
1780
1276
877
867
567
1759
1277
118
1934
836
1552
1922
468
580
1680
1450
1062
1985
1701
380
451
27
387
282
1127
1265
574
1969
454
1036
372
1026
218
1722
625
1958
1171
869
1608
1066
256
1220
17
460
1471
767
821
1873
648
165
579
936
627
713
215
332
780
480
122
1151
1783
1854
1995
1111
362
153
1232
1136
1963
785
810
1317
599
529
1809
1033
374
453
1563
902
506
1005
1917
1677
859
992
724
407
1076
514
1893
263
769
1210
124
195
156
1334
1208
1859
1113
507
1428
811
1977
1504
1041
1645
66
138
1267
403
1112
1182
1769
553
705
1326
154
723
445
184
1015
1543
1564
1184
1812
1564
283
735
202
1338
364
1708
322
785
1130
636
1703
1956
786
1408
951
614
83
1608
260
1308
188
1006
388
313
1860
1953
1958
1593
1291
1311
1605
1373
856
475
564
733
1142
1600
655
1010
1703
1710
185
1901
301
1081
335
545
1838
1031
776
753
1230
1559
1321
1005
213
777
1520
1477
1805
1051
1355
582
1463
832
943
2000
1263
985
1699
1699
1306
1230
1785
1157
198
545
1877
815
1658
340
796
70
1108
319
1503
26
1750
390
475
1197
347
1822
656
1897
150
1433
1783
870
1544
1751
894
306
1655
1387
1899
1471
1652
99
326
1987
471
232
1488
845
1492
927
979
910
871
972
1704
859
822
540
1344
887
1686
1893
1302
1908
490
588
1062
1718
1574
1350
313
201
1591
84
695
1984
1295
1457
268
1084
1966
1826
1942
354
566
951
1280
750
1302
239
1201
46
324
399
1789
1873
1623
202
1620
1799
522
321
1504
990
811
1650
135
239
199
1144
1191
1688
705
669
495
384
1309
288
520
560
548
706
1961
691
270
1718
1861
1594
980
1406
1893
481
1409
1247
576
1106
1953
1666
35
846
1835
554
274
866
984
1179
713
1946
784
1474
1222
472
1489
827
1792
92
427
1823
102
1324
1590
1516
1676
1097
1492
258
51
1390
1279
535
1417
596
1193
1155
1220
1956
976
1058
1897
1301
1422
386
612
1218
1809
1536
1659
1944
1096
1568
842
756
1277
1975
842
227
859
1592
1358
1911
1177
724
299
1000
1502
869
721
746
1971
685
663
691
1364
622
1363
1564
1394
1199
121
1935
1685
211
1793
563
1845
1911
1993
407
1867
346
1407
1938
506
225
65
1599
1484
748
795
1392
1758
180
900
1891
722
458
1560
180
183
525
1697
1824
1258
20
679
47
254
704
1490
81
605
643
1969
1732
96
1959
1362
466
429
195
1209
1243
879
956
242
1451
1158
966
1000
1909
883
1729
1021
636
953
80
1518
1041
467
1168
795
165
1215
708
1136
1677
1762
494
64
1603
1100
1471
757
29
252
1750
582
1490
342
1229
819
1813
1230
1684
762
1927
1348
1806
991
1261
39
706
480
444
895
1435
1626
836
1614
746
3
1361
1103
334
984
1277
1734
746
1952
1974
1419
94
538
1005
1204
675
381
1975
780
1791
414
70
1881
1094
1838
1798
658
994
1959
325
1092
1064
841
1220
1734
892
811
907
1191
443
1811
1215
1906
1934
1420
1862
219
844
354
287
794
342
743
927
1752
1811
1543
380
408
238
1404
1351
1999
597
933
1620
1141
1693
1709
1927
599
383
1478
1099
1419
1332
1032
346
1929
1299
877
1911
1014
1782
536
71
894
763
413
399
656
1178
65
1302
868
1286
814
1137
724
1110
1318
1549
1203
648
319
1179
450
1524
1974
18
1501
165
708
285
1556
1194
1917
306
441
1026
384
921
123
249
1438
94
1433
511
605
1315
1521
853
1084
1692
1483
487
85
1514
1442
965
1908
1046
581
984
1185
987
693
21
25
42
278
161
1287
1347
929
1919
835
1190
878
1051
1552
1761
252
714
1051
886
1595
1803
407
1951
962
1542
1856
1348
169
1860
803
132
36
297
350
1800
545
625
1721
71
1229
1687
1586
929
1545
36
691
131
1367
1843
469
740
1760
1592
858
1390
267
1793
1699
754
1599
595
1852
1446
1069
258
466
83
1633
1203
1877
1246
1114
1185
898
862
1196
199
987
593
360
1495
1208
1199
1756
256
13
1115
1043
692
591
1218
1664
439
159
1466
777
1171
569
1785
66
1233
1724
1552
37
1906
125
796
318
1377
1641
1383
623
7
111
1271
1956
262
206
1362
1047
1261
1312
1976
183
511
603
690
712
1653
990
313
1670
571
164
575
1929
630
1618
1854
1086
1357
1947
1379
1018
1110
1960
1576
1521
922
827
1337
144
615
291
972
1053
355
368
393
718
1615
704
1402
528
329
314
641
1685
468
39
1564
8
771
261
381
1642
1178
1104
1420
1606
1818
268
1683
1303
1922
22
1428
123
1976
1688
1441
451
904
915
1806
590
1718
921
1537
1061
1619
1773
1546
579
893
1978
1449
1103
1400
587
424
1998
986
516
1750
1084
443
1091
1942
1764
773
811
1326
1554
393
1756
1710
1484
1242
1712
1298
111
340
372
1750
35
375
255
633
499
1034
1330
686
1261
1387
954
148
654
1671
1443
1288
1365
1744
1542
376
310
926
293
1475
1900
1347
192
1081
523
431
1375
1684
593
1536
933
522
1246
1084
207
1881
1981
967
1851
124
721
78
1187
1168
1404
1962
1153
1820
993
1000
1249
1901
756
139
651
122
363
1340
962
629
831
1462
1514
73
380
1805
1798
1218
1393
1136
1361
1026
1869
843
137
409
97
1920
1229
467
1035
538
1623
285
1732
69
449
341
1987
1586
232
690
1273
197
372
1428
17
1185
1852
1465
727
1380
1127
402
49
134
578
116
1237
1640
423
322
1445
16
1563
1155
330
1471
1181
301
1084
1173
175
1168
1026
457
935
121
658
716
390
728
416
1581
680
1011
905
1951
1487
866
17
1302
517
1543
1888
1887
1635
1578
1548
1960
355
1740
1455
773
917
734
1822
1593
1805
1847
1230
1223
1256
1761
1530
1409
609
948
1363
1884
1124
344
931
1492
1523
469
695
1567
900
1289
366
1190
842
1582
1243
1494
1444
914
1517
673
1898
72
1781
1942
211
1115
1815
1705
1355
453
1177
752
1509
1914
231
43
1324
662
1004
31
907
285
1176
1958
802
1302
1423
247
1434
1865
1532
231
1485
1688
555
21
1434
1697
492
1941
842
403
1253
304
1314
935
1873
681
1818
550
898
1157
202
1143
632
3
1768
6
985
62
1423
509
1215
1173
1907
774
9
758
1134
491
956
812
1526
913
1704
901
1800
1802
1045
881
15
586
704
1154
1521
531
1570
281
1850
1343
521
1765
1369
1833
1846
132
1342
1028
180
1880
980
1431
1291
1082
535
659
55
1531
1837
1881
1475
1779
1579
1019
568
390
1345
821
487
247
1389
1260
1891
1873
1234
1476
284
254
307
1615
901
1707
408
129
852
1556
1825
1948
1934
1717
365
1622
1338
1042
1901
562
1379
225
820
795
301
1768
1480
1507
283
890
1673
334
1549
837
1604
908
1220
592
1150
1041
1072
631
1547
1350
641
442
976
477
536
1877
1294
129
63
94
72
1698
1523
540
203
987
1525
981
572
134
417
1351
1818
751
1804
991
1691
1331
1372
835
996
1749
106
163
306
898
437
1434
410
351
1884
1469
108
1583
114
1640
1223
1500
403
1011
1585
12
896
1344
457
1362
1887
1502
310
1215
1074
1461
490
1341
1201
21
1225
385
332
1820
1524
1807
347
192
1163
244
678
1603
1292
1938
46
236
1704
1459
92
331
1574
1140
1070
454
1038
1753
286
22
714
1122
533
1963
1802
459
779
1707
1093
1636
1060
978
1573
501
10
1285
998
1124
402
480
1875
1377
1038
1213
259
77
375
865
1209
1841
737
1750
1804
261
428
530
1230
1147
1657
432
955
782
940
1376
554
661
454
338
896
1896
282
1063
569
690
1432
1863
509
185
826
499
1613
499
389
1775
373
1907
1457
91
942
1280
1861
1184
653
872
1453
1271
1131
541
398
1051
1376
606
860
455
1858
1707
681
855
532
1176
1198
972
302
371
1863
1475
1911
1707
1983
360
1152
626
1277
1037
590
556
1685
1322
351
1201
234
271
1305
716
80
361
1496
1985
383
800
1189
811
561
782
699
1275
1186
1342
1259
652
1026
295
62
5
530
1094
1240
1365
832
849
1665
487
1662
614
367
1755
270
1817
1892
1508
1447
1093
515
1257
1213
442
569
1258
468
7
574
156
237
498
444
1286
1441
1572
1413
1506
1356
1117
1214
1362
1687
1323
1034
506
1153
971
1426
1203
1638
1338
1124
1719
128
717
1517
1810
946
291
92
1264
1222
726
494
1763
900
1437
407
1236
1844
391
1953
1293
315
487
1097
1990
1280
818
1903
1313
513
498
310
1197
408
1625
1680
157
121
1324
1300
735
643
121
1284
547
916
475
110
790
930
704
1392
751
91
832
225
1062
1129
1183
907
1980
399
950
895
422
119
1981
56
518
876
1235
1324
1776
1618
1846
1037
1903
1848
797
1683
683
1801
1369
314
1710
1057
1988
1185
1404
1778
586
18
1838
1939
433
471
541
1496
1627
784
1348
1997
159
1599
1498
1100
357
1350
1335
1316
1769
108
794
341
1512
619
1621
1910
1092
418
628
1341
679
612
1614
1130
329
1497
974
1266
1811
530
1916
1997
1263
1628
814
378
677
1452
1521
137
1164
705
1023
68
1965
1109
1752
1568
1914
348
1717
1610
139
364
704
1145
465
1937
390
1229
1115
1510
1076
331
915
1675
818
1462
1721
1195
132
1222
1597
312
447
1935
1457
419
856
510
26
201
1530
827
1251
1605
914
1379
1900
1183
180
1399
853
1224
232
20
1982
329
622
507
49
1998
28
1548
294
1668
540
1264
1693
1158
1572
1504
1955
1081
1604
1298
961
1538
172
1818
1811
1224
1785
1309
573
1041
1146
1762
1007
484
1831
267
144
1165
1409
505
172
1217
471
73
1979
887
793
356
686
262
1782
1738
892
321
443
382
634
1875
1786
1478
1839
63
1329
354
339
257
694
1243
783
1361
1750
651
1340
984
761
730
1976
1995
522
1161
1599
132
1333
1708
17
205
1481
618
149
716
1471
704
506
248
1654
563
1503
1380
1113
1383
700
1977
433
1736
373
1768
1556
941
1017
1284
343
1579
1462
551
1712
1084
605
65
379
992
1113
455
1002
1042
858
1849
369
1249
618
18
524
886
653
1525
1405
1928
1592
31
574
1307
1599
1551
451
847
1071
549
1649
1870
1435
364
307
228
956
735
632
1759
1214
1182
325
553
570
1264
1829
1343
1367
1447
341
1134
802
365
796
1854
258
800
940
1633
175
726
806
111
1985
288
1707
1414
593
76
470
314
996
1250
1731
340
1569
1126
1168
1257
1293
178
1942
659
63
640
536
1306
440
742
1439
1467
52
1765
1697
245
241
1825
1864
515
205
756
1985
1212
1307
892
705
1028
603
1001
1039
1170
1422
1763
1280
1231
734
182
1311
516
678
637
40
820
657
514
1444
879
563
1161
1912
1836
1751
648
1262
284
1327
1243
1730
1929
560
1057
1061
663
1443
612
1925
330
216
1991
678
298
1803
719
864
351
1537
1856
1292
1191
494
1922
902
513
478
1606
1289
1670
597
1714
883
1538
1848
1898
1750
1343
579
1046
1896
795
1577
212
1981
801
948
847
620
278
190
60
163
42
1240
1914
1396
1841
866
1554
661
802
152
772
1386
462
683
109
104
494
120
1595
1058
700
1442
632
1366
1947
1980
1298
1246
419
1532
1125
1313
509
857
75
1310
49
1677
1697
514
999
691
1927
1035
116
278
1586
1995
290
1140
1162
1405
352
366
982
1241
532
985
32
683
182
789
1029
1067
1363
402
540
1273
772
1743
1786
533
1317
393
1255
1454
1547
594
1350
699
1445
114
1043
966
1421
1113
545
1451
31
453
1639
250
1798
561
740
132
931
1098
498
1923
624
651
1951
1047
1683
451
441
1810
1674
1593
514
1292
1250
1015
138
58
325
1788
216
756
1956
986
502
1313
1518
1599
1075
1818
602
446
1813
579
594
87
87
129
1458
651
566
1412
834
520
457
1985
704
789
810
450
776
277
1769
1668
1886
2000
608
1979
1219
166
1323
757
1536
1843
1116
834
846
852
1598
1734
335
48
558
359
1922
226
1609
146
1440
1041
496
1244
463
456
1525
794
245
1598
145
1110
1050
1914
1679
895
386
719
1317
589
697
798
645
642
1894
843
526
1943
311
869
193
1488
1054
627
1742
110
1639
1118
1022
477
1293
415
1405
1380
1579
1606
144
801
1653
1663
1947
403
39
1897
1377
1386
1334
1734
1931
101
1230
1844
912
1615
945
1724
1493
550
1412
1577
756
543
1152
1102
278
1261
1525
626
429
1089
234
1607
836
309
1392
473
1313
295
834
1299
152
1263
395
206
1053
1496
1524
902
133
1035
599
647
413
1767
70
698
145
1481
1544
484
344
1310
1538
1191
1800
1287
63
1678
779
1700
1989
74
1039
1880
1390
263
1832
355
1164
245
1401
1947
1363
1644
1923
1794
1957
1708
946
1001
32
1079
1811
1370
1700
920
231
834
1956
68
1606
1116
583
1548
1207
65
1602
341
1241
629
630
39
1684
1262
1521
1997
1000
1601
1929
1635
1279
1177
1927
1697
307
1540
565
1946
1173
1353
1965
1706
1132
305
646
442
976
1580
405
762
1748
763
391
549
538
235
93
162
997
678
756
608
153
1388
1069
1815
1292
391
1583
1661
1235
905
1726
1740
1840
1751
825
45
968
250
886
264
801
1115
1
1591
793
1399
1006
411
816
288
1125
996
1112
1851
1875
686
841
1429
1692
1092
756
361
1942
250
247
273
653
410
1419
1583
114
1259
769
1101
1914
1837
1833
1111
1014
1061
1168
1396
1555
902
367
1933
1252
67
655
1117
614
1230
1706
1280
1061
1968
1109
1284
1397
89
7
1990
376
1218
1326
111
889
1179
1398
191
1065
1688
1544
609
111
902
917
751
679
667
1848
1859
923
786
409
1028
26
1736
405
1845
1465
144
635
1874
42
1104
399
594
477
281
1566
1113
816
1096
379
1325
1388
549
144
1647
1010
1755
93
1891
1317
1679
1914
1890
172
1055
1202
1627
1373
505
1108
1840
47
1610
746
1460
335
196
964
1635
429
1932
1934
1678
153
1253
966
1803
645
1842
676
26
26
279
93
1582
1016
1934
398
1640
583
393
306
1361
1820
970
750
1363
660
1898
870
1753
1657
1495
1849
1321
739
818
721
84
1536
1699
1797
1967
1282
1262
1608
1958
1981
1816
656
1944
513
1919
1914
508
14
1159
1587
1546
1422
1264
260
545
668
667
1890
1399
1951
377
1021
1806
132
1135
781
268
1525
1776
1287
1619
1512
805
287
1911
1670
766
1090
87
221
1032
1304
1990
900
1020
989
78
402
523
17
1818
1516
681
868
997
831
1751
1823
371
8
1718
345
188
400
804
897
782
1216
32
9
1299
1329
1007
216
517
392
1869
315
836
1886
378
33
594
1776
1636
1680
1643
1194
517
1118
477
144
390
701
149
724
493
687
483
8
231
210
1294
339
1450
38
1813
469
965
1851
258
404
160
1253
826
685
1804
445
829
382
1686
138
898
814
1311
1735
727
1003
429
1407
1604
1653
1320
49
241
1669
443
1638
1023
1167
498
266
1814
622
716
512
375
85
260
1281
242
26
974
467
427
1724
718
1351
1947
1493
1420
154
1373
1531
688
1767
1836
484
101
316
1505
712
188
44
1769
715
209
959
981
1998
1414
1715
1473
197
1754
1395
1449
295
1026
1786
1227
1843
1189
64
1923
795
391
1969
34
816
282
735
596
737
1257
1959
439
189
1486
123
356
320
531
1950
892
1854
992
658
168
1077
431
1729
1409
419
2
803
715
1141
167
1585
1868
78
934
1252
859
1000
1993
376
137
13
875
1213
307
1557
552
306
160
1497
179
315
1580
612
626
89
1896
86
686
384
133
921
475
1978
119
1373
253
1176
604
437
1366
1666
1937
533
745
606
1305
467
1434
1108
1029
1889
421
1909
1351
684
1538
1627
996
949
337
126
137
1861
1195
83
1813
1882
1009
1296
277
225
1278
1471
582
551
356
1967
1355
413
1578
1100
383
1637
616
291
509
1273
1002
837
834
300
821
571
559
64
1301
935
864
300
1363
318
1377
260
1089
1526
1941
992
158
1928
798
1908
1376
1358
1884
587
20
922
136
1582
771
1054
1469
252
1275
594
1724
489
1458
992
1263
1669
1413
1259
590
1895
1748
105
962
957
1319
1022
1970
1459
1742
1843
762
1441
72
1933
1369
1901
1503
759
1839
210
977
315
289
619
869
276
1475
1850
1233
1917
1720
1335
1627
1612
197
904
1564
1086
1141
615
1650
1336
1774
746
863
69
1596
953
1026
527
1443
949
749
31
1553
920
1367
396
1210
941
244
1869
1756
528
607
197
1127
1638
1973
207
1776
1961
1523
377
1028
1066
526
1181
412
419
430
850
1095
849
1370
1540
1247
794
924
255
532
1031
1922
1277
691
944
1792
383
614
267
677
288
1773
936
1267
1156
1091
1017
964
191
577
320
425
99
1251
1464
1091
1570
893
1039
1559
179
1930
751
999
412
1009
1591
1350
1065
277
540
930
333
91
1622
164
50
866
1220
355
1140
1670
316
452
1604
75
1886
23
1335
84
1806
1998
44
439
1855
1106
1723
1872
1857
990
882
91
347
1753
773
1918
1257
355
290
1524
101
1836
250
1111
1187
1816
1165
1589
1964
1246
810
796
482
941
41
424
398
64
809
1342
1274
1265
1810
477
1354
1409
1786
177
1890
642
132
408
575
1877
1814
1943
1837
420
600
375
97
589
398
1990
1692
863
1769
638
571
1151
41
1139
1718
567
736
1414
1212
1373
375
1797
1756
1795
1044
1713
1790
1203
936
1535
335
303
862
859
919
37
1219
1307
1726
947
349
936
818
1971
1715
1917
1193
1514
1368
1363
1495
1377
1603
416
1348
280
1133
1205
793
971
1234
1028
1771
989
1072
1433
1123
1455
1304
230
1830
1805
1139
857
1172
1544
291
544
1235
387
1808
1059
126
1860
269
1591
211
1154
960
246
990
1521
799
507
1448
1881
257
612
1647
854
1374
738
1946
1320
93
1630
248
661
342
199
875
672
1739
1623
1628
425
1049
386
1886
19
451
1607
1776
1388
530
1616
1575
468
592
1610
1567
114
1136
1321
1845
334
842
284
1513
617
1231
1365
244
1117
1752
1273
1131
1591
1787
289
690
1584
416
1430
1940
283
1180
1507
950
686
230
1875
679
391
1344
354
1156
828
35
1965
1116
1470
354
1792
531
1602
419
22
760
1707
1206
1808
762
890
1151
1890
1481
546
1534
563
216
216
604
654
262
1069
1315
104
1075
200
620
1285
1476
1983
138
906
1154
351
864
835
1931
950
729
1155
1287
849
722
553
231
1103
776
278
1133
1899
1654
899
1269
426
1167
1812
1238
1171
1798
937
249
1744
1218
473
