7649 100
9866
9657
11099
4016
17437
6775
2861
3952
2046
8816
11700
954
12100
5178
15046
6069
18160
10213
4658
586
9348
6800
4016
6359
13317
6777
18307
1135
8152
1286
11239
2990
4059
16267
9540
7478
2471
2374
9424
18754
899
5015
8056
4362
966
1838
17388
172
9210
6264
10538
4297
10055
11561
3212
13939
11891
18887
7560
17144
9313
14303
8699
16787
12131
9031
8347
7295
17806
16508
3019
16284
3461
2022
3380
17545
19181
1945
10116
7339
9449
7395
17867
8234
7782
1709
12408
6951
11216
8505
3092
6997
5953
10267
7550
8558
12403
7227
9641
19376