76388810 10000
11514
13377
2926
315
16008
5957
1664
7212
12203
2256
8385
15160
12952
6109
3401
8042
3756
451
11800
10622
8658
13893
16612
2034
4413
16369
14018
1285
11786
2037
2249
17671
17949
5112
542
604
5560
14475
4063
8131
14677
18667
11613
15952
10203
454
7194
7953
1291
4198
1504
1484
1960
5059
1213
1797
10031
1372
14393
11451
6788
9438
17710
16819
5294
8617
8467
12137
6435
366
14631
9800
13916
449
8477
8989
14367
16653
7837
12245
8201
7394
13212
6151
16046
807
19260
9022
12728
3852
16581
9124
15149
8421
5170
3207
10897
3363
19353
7978
9051
10032
2373
3039
13420
4349
18383
15047
11099
13377
2511
10145
19560
8905
4946
419
1439
920
791
18820
15432
6494
10819
2166
17355
12638
10344
6857
5647
13066
986
16737
13130
13485
7169
8697
16870
11728
7604
7420
16563
11986
329
3444
16080
18394
11089
18922
5606
10987
10502
16036
18475
4811
16960
14262
8072
12076
12781
10386
200
11568
7938
15359
9498
11455
431
10749
11950
12072
7796
16838
5675
12275
10167
16348
1245
16287
488
7467
18890
6114
8468
3246
5351
1974
5395
6427
19976
8211
14905
5578
6558
19340
11271
19527
12374
10282
12247
7333
2608
12898
7175
8625
4550
13780
18959
12748
716
10996
11508
13460
8441
6459
19188
17814
2030
9174
9598
18004
9079
9438
5173
8615
9059
12171
5723
2710
6381
19162
11848
8258
10982
987
11478
10575
5637
5685
2487
12809
1159
10970
8030
8966
3265
11042
1451
9581
5803
5222
2861
10302
6165
7207
17692
10329
10335
3547
12220
13073
2441
1675
9622
10029
7106
5806
4626
263
9786
12637
17925
16118
19496
8720
12680
13506
8689
12701
9514
12198
13983
319
4090
2359
506
8004
6929
10500
19263
3789
19009
19951
12020
11065
9803
11566
5373
3967
4534
9198
18694
10423
3402
7784
7892
9
10812
9533
9977
7015
5083
10828
17524
3673
2008
2937
8584
14153
10817
9063
4546
11021
13051
8316
5566
2471
8667
3060
12168
7624
11097
9349
5613
2635
10178
11444
4993
7845
8185
9731
858
7545
2530
125
2033
19810
8674
18240
13797
8695
17230
5934
7824
16317
3086
5256
19185
3968
7453
14228
6892
1145
12436
8861
19721
676
4802
3610
19252
16303
7524
6034
17891
2153
2688
15668
7454
407
209
1092
7106
3338
11568
14037
10446
18564
16475
5609
8829
13002
7434
11840
10193
265
19756
9850
3990
4901
1480
2409
13203
5452
13031
6834
12685
2032
10949
668
10322
5763
4317
10997
17441
4793
12692
11612
11868
1557
5430
3117
19229
11646
8144
4256
4945
8559
2901
3589
12705
14236
15543
3617
1612
10766
16776
2283
7523
18991
8253
18172
11775
6850
7887
6733
10399
12648
6247
5791
1594
11645
423
1471
5336
16109
6387
17622
8991
5904
3901
18429
12573
16995
8629
8238
13621
4037
14074
16141
19631
3423
11920
4131
7870
9875
19823
4856
10806
6293
17126
654
8501
5074
12377
8701
17696
8198
6402
769
15391
1798
6811
1361
578
8259
1636
3558
8837
8826
1481
5374
7119
11671
4621
10028
4447
5109
7972
19201
8511
8086
10145
13101
11830
15575
1996
12407
10552
5191
2530
3320
750
14643
1486
7408
1381
14460
5904
7022
16785
10601
727
19627
11600
8292
9563
11310
4251
141
7661
4773
5881
9174
12625
11457
3936
12454
1963
17568
12478
1734
2281
1051
8050
19422
13605
3261
2999
1246
2727
17461
9339
9987
10370
3035
17888
18527
9439
10732
19908
17466
4611
19018
15106
19373
10985
2625
6562
16701
956
6098
11558
1962
3111
6273
8667
11024
8977
2901
14605
11348
13397
13237
4517
2939
5266
3113
750
6972
12676
4034
6668
11875
7916
2594
3574
5949
3533
11651
1593
10695
9239
3582
7545
8010
5967
2653
19068
9565
1887
426
18604
1708
5041
17290
8429
10838
15500
9499
7377
9394
10190
1382
8292
6291
17792
8708
8768
6374
12682
19705
5690
16326
17156
12162
11170
9988
1378
2920
12882
6718
8394
10585
9609
14525
19016
13224
17061
16389
8206
616
10606
7233
5369
163
3026
4235
7702
17582
9784
2374
9680
14825
8008
3941
11444
19918
7488
17252
14108
809
15597
343
4329
4612
3655
13255
16450
2788
8228
2766
7852
8248
10354
7235
6603
6425
15913
17542
5705
9730
10244
9191
7631
3729
16617
1455
6189
5369
1874
5953
3683
8230
10992
6697
6419
6032
3397
11002
3759
1698
151
6980
2280
11672
8542
12375
10328
14064
1329
15796
13895
19385
11730
2104
12333
16651
10727
2781
6810
1322
9130
18568
19782
5898
7502
6679
15491
1066
3571
16033
11719
2152
18676
7484
15923
3416
6366
2809
4634
4011
8028
12870
4323
11390
11848
11135
10508
9431
8292
3744
3704
2003
7446
5424
7352
40
190
17557
1090
7536
6547
8508
18299
15282
4065
17526
2460
4157
11713
5043
19450
1517
12689
10740
4396
12173
17307
9539
13976
11874
8435
14934
19368
6744
401
16882
5943
7814
5978
3346
8621
11483
19301
14772
13078
15008
11905
4551
11647
18239
19293
4664
6194
11133
5650
3633
7490
8525
5499
2440
2502
4553
8263
4697
3567
11887
18444
12203
6107
9692
8723
884
9727
5427
327
8794
8508
5360
7151
9865
12080
19896
5838
6338
6461
526
826
19865
122
18719
773
1695
11530
7923
15782
12230
2023
16410
10675
7901
9875
1117
4783
11751
2686
10923
9155
19645
895
1260
5926
10093
3127
849
1642
6018
12857
5128
8800
11456
15438
8739
8735
8755
10534
18597
4261
5902
12365
8108
13858
3079
1814
10441
1456
5980
6174
19056
16080
4739
19952
12192
11299
4710
14712
19621
13499
318
6028
8414
17432
272
19596
4648
3910
133
11545
16462
9009
10121
6217
8739
8963
6958
17220
7632
8455
16019
898
15279
13557
6141
12360
17954
4416
11339
5967
10272
10359
2789
9000
4689
5839
4721
9668
12780
18987
4851
272
19054
18015
461
11425
5242
13229
5413
16711
2890
52
5460
8423
1107
3699
6117
5667
17907
6049
16044
6741
12923
775
1950
2726
4898
8151
6555
1524
14287
4096
7841
3120
6781
84
5108
10561
19271
5339
16571
10576
15460
2167
12013
14024
17963
11716
3085
362
15580
776
19228
5690
9176
3883
11114
10712
7257
7896
1589
11653
4311
2738
9544
1826
9779
2129
7516
11116
6035
7460
231
10014
9643
8318
11716
6645
4921
17831
15186
12582
19476
13121
6128
366
1901
12478
9780
11154
10493
11123
9862
15352
10463
8452
1172
6133
13603
11028
15647
11207
1555
1404
7247
2172
7257
4399
4573
3223
10939
289
9050
3547
8453
7877
12372
18012
2819
477
5849
10923
18567
9964
1201
2235
16287
1697
9732
16383
8628
10929
8935
17760
7488
12055
11091
14366
12770
497
4691
7153
19560
4658
9005
6181
13372
13193
1966
16891
15442
1628
6733
8903
12588
19646
13496
8986
11047
5405
5193
4837
16163
7649
8607
13846
15941
7335
9552
9432
19905
878
9627
6297
16096
11134
10685
2014
64
7545
5336
9828
18200
5992
15887
5866
9309
7239
3325
14616
8390
9043
8827
10328
1698
6377
18215
16723
178
8222
1632
908
7468
10466
704
3068
15166
3058
12168
8666
1303
6901
19139
12766
12442
6421
11397
6215
12674
7632
2100
3421
7314
10661
9612
7092
18279
4629
4415
11332
8418
12161
15175
5452
1955
19924
5103
5193
5818
9110
17870
16932
10576
14525
8638
10052
18531
2189
2585
3285
9717
6171
10718
16014
18027
2401
5646
18954
614
7348
6438
8693
15063
7542
5589
8510
15584
3346
2418
6595
3684
2889
5897
3209
255
5833
11162
6583
14599
14676
10827
3744
2148
700
11776
4768
17560
6101
6438
8297
11545
14686
3376
18706
3004
3507
5307
7649
6939
1059
5725
7615
3139
216
2161
12109
14406
16207
18913
18845
18299
7832
11172
6562
9462
7819
6667
3872
18793
3148
5537
19412
2901
7138
6828
7556
837
15491
7716
7573
7003
7807
8682
4371
39
2959
16771
17106
17289
5881
74
666
17893
6506
17012
18694
4953
13311
8316
16590
3298
15417
2838
14306
7915
1154
1067
2815
10954
9963
3643
15403
36
506
17012
10981
4987
18879
11504
17421
9594
19780
7545
19568
11558
6889
6407
6316
18942
1826
12382
1376
15668
5879
7827
14563
15167
3395
2748
2045
17044
4889
233
13648
1494
10199
2932
17345
2713
12879
4036
1553
14181
11154
2228
4575
8618
3016
9724
1013
16129
11318
1657
1766
11869
19371
10048
15179
8506
16345
966
1216
13761
9712
6757
10099
4148
29
12487
12444
4699
1617
8479
1445
11756
7043
7587
7474
6554
11335
6912
2130
4723
11970
9976
3033
12232
12784
2880
7763
484
3181
16151
11416
5236
16034
19742
14565
16168
19823
10339
4111
3320
1245
10204
9366
4852
15665
16139
3558
3496
4407
13148
12444
12131
474
2970
10986
18470
8602
19153
3841
6876
4447
3314
4624
17035
8686
403
13582
9255
15846
2746
10648
12080
5241
1180
274
2500
9009
4412
525
5072
3551
771
7701
19642
5569
11602
16833
451
8321
4771
7655
9620
1709
3265
705
12403
14790
15569
4845
2889
15238
19765
12915
9915
17901
6901
4264
6006
11280
15513
18636
4228
18254
7369
16710
8423
7033
9617
14668
9314
4374
7753
14925
12288
17624
3375
8673
6504
19785
1225
1359
5214
11224
19725
1897
3128
7222
9035
2345
1884
8982
15162
11617
3945
4487
2451
10794
448
17191
824
8719
8274
19320
9096
16567
10605
3718
10896
13361
102
5521
8476
11741
4069
3124
12094
5017
1578
2514
13037
1531
3226
5515
18880
8528
1115
9961
8367
9286
15037
16914
8687
3996
12382
2524
12216
801
169
1082
4351
3670
11835
8926
4595
2884
1460
1246
7031
8826
18260
8687
17943
10963
12316
4329
3742
6187
7947
1282
10589
6833
16460
2306
3675
7911
13474
1834
15440
975
6584
5759
3243
12228
1322
990
9751
8433
12122
5140
4969
14414
7041
9905
11368
1184
2093
5590
3824
8342
2422
12007
236
8528
11712
6452
9267
6359
150
9479
9717
10117
9799
12368
6205
4994
9742
14875
10502
5518
10357
6939
3574
9632
4313
8635
11865
2545
17229
14033
7350
18193
5310
9564
8011
4849
6348
8673
9718
14089
5257
7238
223
12635
10034
7782
2487
19525
2773
11320
6819
824
19802
4799
12044
765
6225
6450
6565
7228
7766
9422
18508
1031
1884
12444
15923
17615
6689
18356
15130
4461
1477
12606
8147
10195
744
9296
2301
11291
10998
11866
8959
9367
3845
2100
2091
10856
8761
1334
11504
15513
8585
9493
8615
6507
9711
6497
14484
7455
15168
6223
10149
8852
8573
1153
8829
3048
6172
16095
5481
11679
10512
5341
5569
10633
2790
3030
10553
16191
7366
19860
12116
13013
9725
9202
175
10114
18645
5359
5802
2019
10423
4642
2725
11995
6213
7499
2805
16419
11755
5482
3106
12615
3705
11958
12866
279
5707
3374
12872
4928
16157
7432
1420
1217
5644
3270
5859
8248
16610
2790
6336
18888
11219
1464
7116
6609
4525
3725
12334
9050
9712
1356
12631
6556
11691
12077
17603
15659
16913
809
9211
5976
11304
5011
6835
13268
10122
4824
11346
5812
6262
8993
1074
3040
8468
3796
5594
932
8560
12401
9411
439
4030
8421
10696
2657
1253
6965
7989
14628
11358
5457
4311
11972
10187
6686
3265
4679
19075
2111
14037
17144
10767
1200
11371
5300
11257
16432
8885
3462
12532
17258
16657
14539
2274
9919
8306
6588
7206
2104
10385
15685
16546
8109
7547
1485
19173
19305
11387
6142
4621
7749
9533
14987
2224
13641
19281
6825
17304
5634
2281
2146
17269
13781
3743
3223
5285
8779
212
13611
2793
1837
12446
6045
10535
5745
7311
4046
9774
939
18821
4658
341
6156
11798
5921
17841
17018
10690
10204
19536
5312
5841
6862
11478
4655
16188
11364
18418
11196
9631
17043
9526
7730
8826
19970
16392
11122
10538
2673
4648
11313
11647
6051
11840
843
4283
18774
9105
4487
4152
10092
7791
10515
605
5713
11575
913
10042
8000
1878
6780
8774
11011
1632
7673
10581
8365
13036
7250
9344
17378
6059
19132
2385
6155
19827
12235
4925
6853
1475
19531
6401
407
15986
334
10616
4885
18557
19608
4115
17009
7970
1602
16012
16104
2728
10447
1894
4566
5806
12359
8748
2161
2067
2540
5173
4302
2422
6930
6785
108
11452
12728
7037
14923
1955
9575
6402
4835
4191
1825
6173
18
5820
1650
3024
12588
18563
10402
11566
2228
9467
16182
15669
1219
5737
1788
9271
12477
1874
9616
4250
2398
5000
12934
913
7092
9716
2782
6643
12419
15657
18120
17778
1823
916
11696
9299
17097
8899
8821
11858
4028
1079
18293
5384
7426
18341
8062
3444
19128
9097
3189
784
3595
1798
1839
6101
52
19079
14410
2899
8831
8456
5611
6338
203
7720
4498
9121
3626
1078
18
5772
1906
17278
7885
11165
10667
814
2742
7294
9562
80
11406
9557
15921
4103
11406
4888
7224
9199
12227
14438
9750
4008
14205
17196
11734
11133
4404
14351
10707
19057
7799
5304
11098
1264
5153
2302
18062
2123
3218
3131
8629
8142
2917
5271
14277
3097
16037
2394
5871
9
11163
15993
6995
17570
11968
4717
9002
11106
12210
12254
10220
3209
9
12581
9230
10526
8554
18614
12383
1369
2332
8893
7395
2568
2649
7820
18603
17527
18459
10732
4555
9070
2261
5186
4079
8733
83
12574
5072
4377
3159
1303
9868
6987
7600
1455
8106
8771
13166
16181
10935
19383
14956
7256
17788
7324
8880
4249
12681
6139
2875
15987
7816
1633
14686
11437
2183
9115
273
3334
5535
10086
3542
14080
16368
10915
9896
18975
1314
7713
1019
4739
17842
2594
7348
12139
7530
85
10776
10184
17809
7012
2519
8205
13604
9597
7765
672
4430
5299
17398
10844
3773
3643
5692
6265
8661
8954
18708
1430
6052
2296
9631
6933
9949
325
8630
8034
14493
18612
1983
2573
929
10804
4208
4673
19667
10832
16022
5486
4938
5835
7222
7769
18055
7422
12172
4717
14580
5645
1223
7635
5278
6851
2052
6017
2676
3483
11390
10781
48
19234
6739
11073
8328
8505
3197
11474
1740
11305
12637
19878
13921
2959
14520
5113
12612
3096
3866
6732
5668
9818
11097
18381
8995
10885
2118
11727
13450
17234
2659
3589
7751
8386
10642
1928
17004
8389
1529
2694
16799
8110
12295
11119
10796
10173
13610
17622
12530
1781
19466
7903
877
19443
6012
18107
2119
4725
17209
15642
19097
8805
7906
1578
1780
18079
16638
3093
15440
951
18948
16869
1798
7060
9421
1465
5347
2713
1764
16095
7719
5246
19989
10824
2779
7523
11401
16808
16735
14038
6687
19385
15618
5803
11569
1108
2578
3817
13245
7858
737
16743
16227
17439
8977
10388
11166
9420
11272
6350
17998
142
1539
10258
12184
4320
2763
10683
10786
4726
6059
14490
19520
8843
4881
16784
10553
10442
1761
9740
7858
6741
11034
7806
12006
15927
898
14869
7404
12781
3055
8406
292
8834
5705
4016
17438
12321
18722
7653
6173
6603
17645
9322
3943
9848
741
19267
5808
8608
11910
16113
10179
13472
18754
12363
4976
7772
1602
12298
14080
8576
9807
12437
11243
14430
12434
561
17009
6296
12131
9396
13874
5856
18468
11147
16727
11161
10233
12312
10350
17082
12805
5253
8140
6567
11383
8838
1535
34
4461
12296
18545
9248
3653
15038
11946
3095
9629
120
12182
8983
6620
11122
9224
3001
2626
15442
4494
286
13289
11165
4270
2025
18387
19066
414
13661
13101
14804
1657
18725
6308
11679
8435
10192
6051
16469
494
9571
902
6180
13389
7479
2189
16476
7124
8734
7369
11676
14515
7961
5177
11894
10626
7610
9758
18034
2560
9381
10568
1636
8623
4509
12998
3688
16780
3972
7536
13194
6912
7214
4288
469
1603
5647
11998
5741
13586
4027
14286
8316
10636
1418
2896
7738
18043
4465
179
564
1565
9484
7345
9027
1341
5335
16587
17121
13161
9693
15469
8154
13155
9314
3960
10514
7221
14787
7743
5338
2533
6367
13433
18464
8772
3892
2025
17247
752
14619
6206
6026
4258
7629
1628
11842
5465
6991
15284
8894
4918
8886
10672
13966
11286
11771
12139
3834
13911
1255
7399
10509
3409
15568
8694
6843
5518
4179
11401
5548
15587
10890
7832
12073
9585
3929
2847
6698
10544
7567
11058
17604
5523
10857
17626
12767
9594
14635
10143
12219
9006
5010
1803
9268
12330
2495
3387
3148
409
19669
13002
13369
9925
16486
6223
16926
10267
224
16156
10598
5439
152
9663
10612
4448
11049
6049
14014
14136
8750
9181
4630
19114
2847
9409
6894
2715
8194
16906
3178
12708
11169
11997
9063
12312
2831
19114
8823
4692
17816
6227
8629
4013
15144
9212
553
2450
15252
2996
4459
244
3585
15995
4236
7036
5848
15240
7918
3780
14402
5081
7166
19713
1181
14712
6048
8851
7690
828
17920
8447
19785
536
19642
15007
11117
1847
10647
2498
3634
206
18080
6480
19736
1588
15049
15367
7280
2820
8347
5422
10131
7875
9747
9260
16604
7783
1232
7011
1089
5000
10113
19051
4664
1555
14140
8918
4259
15376
9453
4283
13491
19804
17841
10156
9530
10990
11237
14480
3143
3080
1166
9079
7883
11967
1888
1077
9258
3297
721
18787
9721
10811
2272
2775
1012
1077
12550
9959
7823
5976
3460
5154
2463
943
16956
18185
5445
2973
92
1760
16368
12049
11526
8370
6258
4329
8802
5765
15869
10404
14294
7099
2916
17411
6774
10764
8762
1198
3875
10642
12491
13627
4781
2804
4448
9874
19988
12757
11637
1638
7476
641
3071
7538
15040
12694
855
19589
4624
6201
14470
13627
3301
7835
5618
19108
15647
5481
6661
8296
10791
19088
4262
5202
4162
14664
1832
5515
8744
4750
12008
19742
12180
6128
6836
3398
13180
4063
12515
7293
5932
10171
4846
11863
8137
15805
12821
19672
2185
4707
3233
8431
15180
16945
419
4045
7427
6273
6445
9941
3247
11265
18035
9304
6683
3595
3390
17065
16342
15791
4899
9514
6398
13467
11968
9033
10760
11392
347
19435
7019
1762
15369
506
16323
5432
388
4231
5322
13014
2583
1945
1107
6281
12688
16766
13641
7648
17127
16877
11250
7043
15342
17570
14357
18021
3416
4049
716
6480
6222
393
10669
12210
19576
6690
4737
1032
1207
3881
16346
19597
4125
12812
12457
6987
15536
15770
14879
6422
8965
6090
4239
1972
9296
9604
479
18453
16175
11576
12047
4899
13624
3209
1175
15823
18077
17388
11091
824
1062
17142
736
14432
6822
5318
12373
5301
9815
12073
3081
1765
1034
8753
6435
15870
7608
12749
18555
19625
18716
6088
15724
15600
2844
44
19532
3015
5467
416
6564
3823
6587
9985
5577
8988
1746
1371
10118
4498
6916
4986
868
6198
8136
12344
9667
9459
18340
10680
15578
7658
2453
10389
2857
10139
10631
18814
520
19001
12991
12730
7492
1716
1796
3416
5117
11651
17639
296
14902
2348
8730
12782
6031
6743
17842
9052
8459
14978
6957
6132
1869
14268
4773
6385
9257
5755
2765
7258
472
8546
65
6628
4089
5305
4557
9380
6801
324
6372
6000
500
11124
5327
6932
6571
9444
5999
200
14630
2495
18593
4216
11041
19487
7723
6061
15112
6415
1089
12044
4112
1218
13987
1062
11945
13093
14373
797
18467
13067
2997
9445
3344
2518
1191
4076
12834
11015
19503
5027
17867
3590
7198
6063
2394
10820
6894
10767
17472
14591
14365
15539
3910
10149
10229
2746
11241
4481
7897
11548
7254
4505
4462
905
9750
1119
17438
11228
2911
19637
8841
2631
18133
14343
15655
14054
9705
15914
10936
4250
1694
2666
8457
1090
5243
8308
11046
10795
3277
4439
7518
4399
1828
4178
19817
8413
7101
4589
5992
16066
4061
14818
6783
3805
16335
4595
6293
3197
1808
3925
8737
13129
2159
12292
16756
6004
13393
7715
1381
7662
4841
5161
2582
7591
6490
10591
9829
12047
17098
2739
11863
6294
12038
9754
1909
9125
7372
11402
10074
11900
625
2854
4150
17899
5022
5217
5606
2863
7142
7509
17777
11798
10432
9954
9073
349
12062
8155
5485
7421
11728
14864
2321
11537
10
10864
7240
13915
1288
17839
19288
7934
11037
10229
15802
18082
8978
4844
6996
6701
9167
18583
10891
12064
8262
11263
4953
13480
6878
361
9732
10179
19319
772
5853
12284
10820
10431
12524
17866
7201
9743
7435
1192
14754
7666
18112
2396
277
9126
5361
13973
15377
12159
251
15157
10989
9451
5743
9127
10048
17575
2805
11918
4216
4871
10693
13027
5255
9674
905
9426
12424
8454
3803
15989
3526
17432
9019
2750
2011
12519
1006
18538
11425
11329
3357
16427
7058
11749
9354
19901
4991
2385
1265
18811
8084
2236
17910
4922
19541
9233
15669
2885
5430
7286
4353
12448
8041
10879
3389
2368
15161
253
9384
12712
9868
13931
9019
7412
16153
19807
6757
15140
12449
10743
10803
2230
11082
5070
15851
8532
9129
9907
5406
12574
10693
18679
8298
7411
9401
15649
7852
3976
9648
5922
11449
10074
6949
5588
1006
2167
413
2877
547
14321
10006
9235
2478
462
3467
4116
1711
19311
13518
6550
3203
17673
12824
7358
3403
17253
4921
1718
2070
2489
6460
3831
1420
12372
2163
17749
15058
7763
7586
17234
13726
11787
15838
12618
14408
6365
816
9999
10971
8992
5488
388
747
7524
11777
15168
17194
4170
10080
3532
12003
5059
4451
3574
6978
3609
500
10470
4765
11296
1548
363
8682
9316
6418
7633
4900
2833
3183
16013
1550
16623
627
12785
8800
8813
3151
7836
10061
11213
12946
3559
9508
12623
1861
16869
1067
2446
18610
11484
10135
8784
777
13290
17382
7210
413
16813
9007
4040
1171
13011
13308
16262
15179
5179
1936
18403
11750
7217
11443
9373
12984
7362
7535
6836
12478
982
17871
2969
7978
4855
11349
5908
2744
5062
7641
894
16789
6905
16983
7993
13507
107
7674
3476
7921
6949
11140
9916
5432
10791
18877
8655
9685
1560
12115
7934
14764
18389
2753
3742
12121
9230
9914
4765
3433
15039
12400
1518
9236
5566
3575
17835
783
16354
2850
3884
9925
16441
12666
616
2073
5710
16984
11113
10750
2945
17364
1982
2270
1170
1008
9868
4744
6295
17048
9272
2459
12607
1363
12208
15242
721
3679
3830
19680
9599
18160
7847
10317
12116
4411
8083
3511
10607
5221
15369
3021
16031
12687
12561
19260
16225
5025
10337
17353
5812
6440
9947
5848
15236
17421
9584
15633
7506
12197
12441
6907
255
1100
9326
3035
7298
3192
5673
3517
9549
16363
15518
2644
613
13005
979
499
200
2993
73
3321
8219
11265
801
10275
9323
895
6775
1381
525
2440
13078
4816
852
8665
14081
7851
2376
11918
12129
1009
16457
4844
10083
17361
12392
3419
15082
8098
9164
8669
16064
3731
6071
12926
3924
18312
8771
7348
14010
2000
1451
3240
17160
9459
16336
4665
2499
8483
3185
13705
6062
598
8889
4683
3199
9464
9333
10196
19214
1129
1174
11654
17152
6029
4518
10822
12099
16441
349
736
11950
5915
4822
6084
14489
5440
10458
154
5735
8836
19120
3806
9780
4913
7098
17651
6610
1475
11105
12457
6029
14424
3882
1322
11480
11763
10189
17
14328
19176
16016
10845
15298
5233
1085
9293
5690
13145
10121
5990
7079
5865
9875
1874
10715
9087
15408
503
4211
5768
16104
5439
13602
18404
17364
1955
19827
6093
11300
9668
3466
5188
8893
6835
2062
11469
15206
2281
5098
9883
1465
9959
5457
8765
13175
18627
7203
11444
18937
3161
11014
3074
6226
11362
2124
2782
7262
9859
16681
4065
1058
419
19453
4469
3451
8521
1494
4598
10231
19005
2927
8340
10450
6543
4100
19765
17256
14847
2203
5604
9213
3794
1904
201
622
2141
3169
12643
8531
15046
5234
4555
12547
19381
6888
2124
7883
12344
4767
19711
10867
17102
9617
17498
1712
6957
11247
10753
6884
17278
8785
9715
4399
14029
18479
18035
12169
4546
19973
4228
6379
12046
6734
15162
14015
12726
1530
14861
10270
9243
12838
13443
2527
7911
10945
14124
1034
6003
12105
961
1446
19382
3434
7654
15156
14714
883
11139
13890
7270
11079
17700
8227
7553
1892
4189
6414
14339
9173
8040
14876
9391
3453
5954
17887
7309
18419
8188
10927
7488
14024
4733
18368
6471
12722
10548
9141
13878
5425
1864
6779
1087
11825
7002
14789
9021
15138
2366
9587
10295
16065
2142
13586
1840
2339
14798
18566
19801
6360
1299
6302
3163
10948
3992
15235
6770
12885
11621
12060
6922
8052
4702
12159
11963
2098
2176
940
5668
2706
1451
6875
6501
15824
11027
1718
12610
728
8427
2825
19248
12884
11441
823
2889
18
11010
3989
2700
6045
12808
12595
5016
4574
7023
1756
17393
10151
135
12157
11107
5166
12790
10538
5135
1449
12545
12816
12818
7946
17317
282
19465
13625
4562
16759
12411
6681
9602
16335
1743
11807
353
570
7056
7259
7127
712
10140
5941
8409
12088
2289
18537
9743
11531
10001
15311
8723
7706
15129
10190
11744
4507
15465
12685
1995
4410
18978
3856
19677
14120
7163
14896
225
11030
4061
2806
7191
7272
14749
7515
12486
4840
9878
6646
18373
16069
16261
10987
14175
4047
18670
17654
7546
7920
9288
7709
1598
15218
9662
13823
4305
2424
3194
2422
1947
9710
7404
10445
6168
7509
10861
1290
16190
5824
10442
11416
5846
13688
6145
18782
11021
16674
7689
4739
4832
9265
1720
12027
479
3760
2209
8695
5266
1928
17926
13023
18657
7746
8719
7646
19487
7068
12091
13133
8584
8786
11952
675
9345
6001
4951
9297
10800
12247
4960
2490
2430
8435
8032
7926
1277
6378
13238
4061
10533
10849
16863
4867
8677
5679
1489
786
1605
5502
4970
10360
15181
10227
11739
29
19664
378
739
46
14079
9953
5735
8792
2967
16973
15717
1532
12614
16189
3796
9011
16594
6257
11921
11308
6771
9439
12516
6645
12589
1533
237
6394
1659
184
11869
15242
17650
18271
11584
8692
512
16972
8842
9814
6060
6134
6519
3149
4064
5187
8715
17784
15577
6599
19375
4980
3297
1642
10491
18106
10776
7354
786
3580
8596
5372
6571
5097
11615
19498
13417
7087
5273
589
7283
5309
10542
1892
10317
9226
11681
2815
1228
3357
10383
12134
8353
5811
8769
2684
6349
5821
6723
9811
8436
1827
2089
11982
5
7635
12006
3058
10441
7566
17993
3908
15148
4502
588
13102
1139
9570
8758
81
5716
10826
8716
15215
14566
12601
664
3031
6609
10000
2189
4321
7256
11630
8182
5285
7604
1383
12355
294
14724
10741
9288
14491
10436
12942
9846
7915
12334
6538
7681
14871
8614
3102
4694
11147
527
7224
6862
8737
8560
10405
17321
4495
14713
11138
5475
10567
1459
8147
17334
1290
3887
5010
1862
8960
1440
8478
6050
615
11436
12498
9056
16973
11525
10476
8531
13074
16469
5509
16879
2576
6393
8017
3016
16987
13841
2853
3626
18593
13087
11815
4196
418
4472
15676
4143
1059
9803
2866
4823
18304
11283
8140
2643
9766
4663
7902
4245
7579
5109
8419
12056
12304
16176
12616
16177
10027
19580
14061
570
13503
10056
17315
4544
5259
17683
17312
13745
8453
6093
4149
8038
1097
4996
7563
435
4761
1721
4205
18635
11654
16168
6895
12093
5988
2484
10062
548
8207
17884
16542
16156
4792
12000
14539
2619
15914
7958
3472
1326
3904
5903
627
4433
19430
5134
5421
9361
12285
5324
18661
234
11525
13227
4676
16141
17028
4176
3769
9368
6077
2771
4887
11475
4933
12566
11798
2410
5957
9256
13302
11084
1473
3975
17049
8256
13256
12723
2410
1362
8843
14808
2881
15894
9575
9033
6524
7420
19065
8165
1167
1863
15955
11334
6713
5028
2035
11269
957
19380
3244
5765
19666
15925
19286
625
17435
6947
7858
13675
8347
11289
12361
4182
551
17922
6161
17400
5736
4040
10251
8957
6267
3518
8859
17202
18268
15958
2500
11023
19311
2576
3754
2547
2032
3927
8279
10815
928
16698
13288
11684
15486
16499
6680
10102
12727
2040
14470
2948
3432
7398
11081
2422
12344
3209
16695
960
7286
4004
11696
8395
3577
236
2255
14253
2386
5034
8877
11627
16367
10860
5687
3975
2364
12525
12270
5294
11651
4302
12137
4281
14451
7872
3615
3748
10441
12435
2075
12441
7160
1793
7777
15710
4602
7161
1190
16140
11287
4242
1851
9228
7959
10286
4609
11723
46
15361
15765
3472
2913
2457
8373
4790
16689
16791
8807
12123
5291
8341
8956
3527
679
9304
7348
17625
18513
5113
10284
11309
9812
17870
2021
2615
14120
5750
2379
6561
9095
4889
11396
9079
13022
4751
12637
764
636
2380
17628
13094
3534
9537
8993
15210
2687
2374
14472
12359
4763
3132
10448
7857
505
2
2881
18069
10924
4877
17158
13487
19162
2840
19692
5428
7111
10364
17421
12349
12020
6863
5980
10693
17598
2607
6701
248
10843
3529
5600
6579
8752
2418
2393
11555
6890
9000
9249
13335
4337
5619
11347
3566
5274
8265
9117
12633
2478
4288
8355
16063
11357
8777
536
11602
3682
19786
6727
10312
7795
1199
15490
17683
19693
7264
1015
17307
4227
520
8681
10035
5583
16659
14027
12001
10410
14171
4700
1001
4845
6736
1738
14373
19817
11270
5015
10372
5551
10114
2032
12717
10935
14424
5678
6648
17778
5537
2777
17105
4851
12485
13466
15572
10584
10973
12651
1900
10269
19819
5371
12141
5371
7094
11721
18556
16708
10047
4394
14349
16940
16324
16742
2994
14595
18040
16314
7445
14135
10667
4329
6989
3603
3499
15306
7271
9178
5939
8031
11903
10580
10305
16922
5059
5619
4330
7851
6307
7774
15062
12668
16548
5683
19743
11264
10381
13502
9328
7346
11178
3991
17899
4003
9716
8201
11231
15341
15622
17700
15832
3773
9475
8054
10832
9203
14257
8773
1896
4898
7962
19791
1436
16173
667
1272
10789
17234
82
924
17190
4228
2607
11357
6693
765
2842
9437
2746
4974
7375
18649
4816
8931
3145
6108
6933
1111
2773
5221
19654
18594
9444
11858
48
5794
18469
9958
2253
10262
3722
4086
9607
14884
4754
9574
17286
3475
10864
7837
5007
3486
7160
10070
16303
17877
8314
14069
3486
9862
14828
2176
6235
5414
6911
8264
5812
8771
8185
4769
5394
17501
6012
5453
8137
14167
8815
6851
10068
1321
12362
16205
12194
5758
12262
1429
1256
5849
1005
10913
7165
3403
7361
15715
3630
12657
12673
5252
1401
17053
19481
16583
8193
2932
4067
6862
18486
13505
13417
18743
13986
13154
5823
16335
2130
10802
2423
1686
589
732
5268
4567
9790
10110
6164
8492
5426
2952
10064
4581
13058
2494
2207
1090
1001
11596
17536
7726
16110
19859
4378
8008
9694
4045
11938
7052
12693
1018
602
10283
4682
11895
3063
5001
12268
17220
5012
6826
5935
6645
2158
602
4342
1771
10050
17793
4378
3221
61
10963
18416
16754
4410
6065
16768
7942
10159
5756
11254
12465
13282
3982
2123
17445
8340
16893
5597
2493
11572
5649
10369
15905
17758
9038
17564
452
8678
2919
5298
3488
12256
6686
7699
10942
9269
1575
287
9244
5582
6182
11617
12959
2931
8579
4287
15174
3297
4387
5856
14950
9496
3709
10325
3875
18991
19938
2421
16903
19737
5554
2648
9664
8076
10859
15025
10512
18428
18325
10587
4661
9205
3820
10015
19939
7745
15657
11831
3422
8100
15337
12174
6081
10826
14425
7930
12050
8797
1128
14975
13814
9629
5602
12505
11072
7806
7835
17501
9195
6655
14153
6481
11981
10491
7373
3577
6354
9582
13105
5627
10357
5002
7029
6781
11037
8932
5692
11798
1985
3019
16019
11589
334
348
3976
11542
12064
2404
4987
16107
9864
11107
6624
14921
3572
4553
5992
12277
1137
9906
3786
12187
3675
7492
15678
236
1208
15994
1047
9989
14561
13200
11879
12708
18718
15072
16038
6232
366
5618
8074
6250
4152
15545
8746
5649
12905
247
2369
3138
16503
4183
7286
4008
15124
11334
1898
4648
18749
6150
10627
733
7405
3317
6546
541
11045
19236
5167
3953
3538
9706
1159
13809
11755
5394
10748
12755
4965
19196
12834
1163
9253
18192
13555
8322
12662
8413
83
11166
4551
11441
6222
2690
12702
7662
9718
11421
9949
2433
5135
7267
15194
12120
11238
8815
8664
16540
5682
9722
7917
17290
4276
11119
11328
12069
4104
2301
4190
6089
547
10495
16181
11680
14605
12069
9605
5444
8247
7574
8637
12598
19688
151
11588
4630
13523
1211
2251
13542
513
2096
4744
4283
294
9730
15952
10212
240
9047
9682
2487
13174
2690
6396
14599
8464
2292
7681
12776
8254
10171
16361
2852
18267
11458
7943
5349
9830
8592
10660
13847
2098
1800
6103
12266
5431
3930
18403
457
5553
67
8242
12866
2938
2933
11934
4457
794
8865
1062
6277
1678
94
7969
235
4645
12280
14052
8684
3736
5402
2334
9972
3728
9317
6963
2373
5921
684
491
8547
2853
67
3133
5188
7950
2141
2232
11539
383
5756
7195
13280
11166
12217
762
16490
5345
15774
10001
5614
14181
13379
9498
12509
16763
12472
19563
6226
10568
10180
14619
10418
14058
1524
8332
9712
10751
12807
6835
18065
11246
493
1176
8833
6684
11300
496
8754
17837
8512
5833
19594
6192
8425
1103
15549
11462
3871
14374
10006
6950
2108
9843
16533
16007
11631
10517
9821
11278
4219
6157
2209
11477
13772
2748
14007
3601
636
12499
829
5497
13716
18089
805
2551
19170
7676
5844
10003
17940
8134
16860
6144
11987
12149
13882
3134
6704
3708
491
16531
9129
12501
13751
18287
5806
17738
9438
11357
5563
11020
4393
553
5852
6509
16705
6618
3213
2653
76
3882
4827
2106
2934
5250
7671
1022
6088
13058
4613
18661
10919
15749
369
4523
7011
9956
19476
10069
11835
9353
9399
10473
13719
10528
3756
19837
10718
8512
6121
14629
3267
12786
8313
19158
7470
5311
11714
9497
8796
16340
10008
11914
18985
11413
2703
18443
9940
8501
1720
12766
11796
7567
5749
2787
15677
797
18844
5359
12071
4232
17996
12277
1450
17049
10486
12574
7579
6165
10144
9525
15001
4514
9437
4017
1739
165
944
4972
1462
8163
970
13596
12187
10855
12677
8313
9715
7998
5452
7137
10782
5284
6042
4235
11416
2681
12058
16602
9925
17479
3754
7221
6771
8887
9929
15735
11158
7875
1184
7992
10352
14594
1567
14127
14108
11374
2870
3813
12992
6650
15437
11086
4018
19931
5695
6064
11863
2960
12324
1272
7108
9974
11990
12397
2167
3940
375
5585
10622
12661
3456
5176
2246
4764
4638
14289
19446
1389
8949
19904
19742
14792
9634
10343
7238
7695
16074
9267
3495
15177
11511
8751
5768
4040
3036
1913
6092
11369
6000
11053
8062
6554
11715
16608
682
19178
17754
4423
14083
9848
2410
9458
5502
2459
9454
10017
18713
6884
5950
7472
11821
898
752
14409
15234
19987
15787
3444
12419
19115
6985
16968
4806
10936
10037
6667
3763
6264
3573
2981
2908
8187
8878
12115
6846
10686
8438
96
9550
5423
5927
2022
5780
11388
17107
5593
16645
11009
14856
16292
8047
4202
6731
8439
6120
7733
14096
2681
7413
11972
12182
9993
6482
17155
14605
4226
11187
4017
16593
2555
7412
5973
6630
13217
3137
3727
19083
13211
3438
11227
9021
683
10283
4460
10366
16916
7543
1638
4848
3536
10357
1049
10949
5170
19412
6333
6339
6802
18996
2017
4806
2690
14451
6541
1296
17129
17524
10405
1795
7147
9839
16592
5937
3397
12107
16659
7125
874
6568
8317
3372
11613
10868
5638
13128
5876
1179
8266
3618
13714
8175
1255
2502
6272
2986
12497
17639
3440
7740
15425
3711
7666
9918
4985
5830
10487
1240
5383
2428
5274
1937
5919
2834
19080
99
4134
10030
7384
3447
4062
16766
3190
2246
19851
17111
2569
7814
13110
6181
3591
6688
12930
16933
6029
12591
586
3892
12381
9237
13423
12550
19370
1424
7820
14471
6489
8204
18238
6334
13316
2823
9501
9857
16206
559
17929
1008
3530
10908
16720
11555
5899
938
2696
3375
12300
6546
9864
9255
3431
3531
9146
11497
993
5956
19492
11623
14389
11024
12049
5437
5038
7978
406
5431
14023
16513
1066
9545
6319
6865
932
19547
15823
17634
11956
604
17915
18145
12472
5442
1346
2074
18285
2278
4250
7287
1706
5093
8573
11345
11862
1231
1566
7665
10898
13225
4087
7895
5892
1511
5178
1493
1481
15466
12659
9836
1359
12339
8394
8014
12238
1254
10958
901
5816
8988
3007
1261
435
6335
9828
9115
9980
18302
8058
10253
18409
812
9375
15391
2118
16225
3423
19624
8622
12440
19987
15254
9527
19565
11687
8715
4235
1486
10870
591
7732
19039
11906
6358
9329
1603
2049
9622
12471
15236
16213
4560
18874
19572
1263
2683
7897
5417
5172
16102
6143
5284
8213
11092
9930
454
12641
7049
6323
6284
1243
10827
10646
8539
8377
5495
11022
9585
12336
888
10251
10871
15862
1263
3161
1075
11365
3125
11825
9204
10540
247
16683
12349
3305
643
1025
17421
9641
6542
11122
8571
6119
1268
3574
1007
12388
17338
4369
10385
15677
14001
6991
398
4584
6128
4285
9919
4235
5424
11400
6194
2854
19873
4871
5495
13194
9484
9374
19918
4044
7768
5318
8870
15647
14315
896
11315
17020
11414
7398
11864
1587
7856
11691
1568
3999
7838
10044
8155
15858
18067
12968
197
12231
9542
10758
9502
15327
2210
13132
12078
14705
7138
159
10889
8676
4075
5119
13645
15593
1316
7565
12429
771
6127
2914
16675
10199
8038
14211
14649
6733
1081
7009
4015
13191
10997
4598
8204
1156
11516
14396
2163
8477
14671
6714
6826
8551
16764
12043
5290
2127
4532
17039
3194
2986
10191
8587
13367
8637
2265
2291
5078
13845
8959
3576
4117
8242
6635
12108
12711
14112
8672
967
7233
6432
11818
14496
2698
2884
11186
11323
1154
1571
2583
7995
335
17419
10927
16083
1741
521
10846
3843
4534
949
16397
285
12579
3263
3980
4846
7616
11881
12711
16585
9630
10867
19474
9211
12925
3067
12281
5034
19168
2177
12374
1533
2230
12612
17024
13929
5814
5163
7313
7301
16077
285
11059
7426
2105
7071
4077
6283
10247
12178
3543
6449
2891
17817
14959
15587
1647
8004
11641
9489
3513
5161
6399
1629
9424
16735
9794
4165
7352
4059
10960
539
4910
7384
3918
3479
1554
3604
2820
12973
7822
6055
4489
18401
17213
7820
836
7342
279
6025
10912
4721
9727
1093
12080
891
5083
10870
12126
5012
6462
4566
19962
7908
710
1303
9757
12692
362
6358
9781
18363
6381
16521
1274
16057
14236
19267
5753
15102
5004
13871
7632
3799
13458
11562
1120
11256
6961
5943
10840
6022
4628
18830
12283
5479
5637
6211
11210
15060
4956
10239
1343
11865
2910
3070
1450
8948
2380
4280
7745
8814
13012
8576
19611
13962
9283
11683
9725
5237
1360
8544
7458
6305
2229
11868
2279
7184
3953
13892
409
16535
19686
12250
6348
6482
2649
12759
3988
1041
9049
1310
512
11890
2422
12228
9685
15961
8096
15633
6583
6123
12367
1184
189
16151
2859
4536
6767
6985
19664
15802
8417
8089
1386
6667
10961
10976
15241
6252
437
12315
15645
7907
10316
2500
4104
7038
670
7082
9327
17405
1954
8864
2525
19113
2323
14729
15808
5279
13789
14130
5355
4382
17666
7144
12401
95
4927
6603
5823
5114
4248
3666
16468
13612
15634
17948
13615
5653
18854
3888
9104
17262
3174
9689
2082
8775
10743
10393
11289
8130
248
12461
3215
9921
12170
10544
187
18558
15237
1532
14811
1016
9421
1911
5849
2050
3259
17592
3196
9235
30
2676
17583
9673
3931
6425
4250
19062
7883
7743
11980
16809
9646
5754
6861
5252
10387
11189
16180
2590
11420
12160
2743
8892
4629
5958
18195
8929
5907
4217
12008
4387
6120
1923
6276
2286
16446
5395
3736
12571
9643
7494
14875
8905
11164
540
4207
1137
7421
4514
9636
10303
13785
2452
16485
11855
7868
6651
10455
10686
6674
9210
19057
6355
6865
456
15151
2602
9290
17985
650
7599
19032
19873
12323
8560
869
9382
9612
9652
3239
300
15661
1043
9406
3879
12695
9725
11265
7749
13886
1581
18591
2785
8085
19745
536
17786
12381
7155
3193
15553
2918
16421
5767
15717
1157
2513
6184
18657
12101
12716
723
15530
7004
9699
7156
12611
10861
14749
9028
19187
11939
6079
2041
934
3298
15628
15524
1814
5547
1160
2139
7874
3554
1451
9769
15590
6
3950
216
12698
485
19767
9986
15274
12150
57
4292
9947
1061
2035
12610
19077
13346
7499
5208
4795
17345
1672
11457
11979
10404
13035
11996
2191
18324
10473
7828
9120
6568
5327
12199
12648
2670
3475
11027
942
2744
8733
6606
5700
15235
12191
18871
7156
13016
5545
5475
2911
8040
19145
11254
5110
770
14960
6172
308
11231
7279
6284
6872
14428
12071
8540
8426
5951
5597
18344
3902
8398
8550
11959
8740
10785
9466
157
7130
18132
19722
7929
5575
15141
10956
3375
5057
9828
7380
1862
373
3337
5065
1169
540
3911
12493
2069
11231
9988
494
9145
5297
19630
4145
6207
970
18964
3622
1688
7900
4506
5260
19410
5329
8198
10510
7769
19919
16588
386
4613
1718
182
1693
6220
8398
1205
4021
11163
6544
14600
449
8173
8437
18114
888
9208
12360
3184
11384
430
9724
3841
19030
19579
4253
11674
15583
11003
934
5292
14198
2576
2154
13233
5913
18778
8100
15491
13635
8349
11146
11205
2148
17718
14691
11681
11539
5530
4557
7156
16823
19319
16189
6839
10424
8269
5159
6288
8113
9730
8865
8679
15224
15718
8941
4547
10619
8716
14725
6795
5845
12719
16616
12428
14744
1493
9374
11392
8375
5388
573
6531
10490
8521
3724
4439
128
145
1442
19091
14732
5464
2057
10882
17911
8165
9329
12403
12513
11304
1801
11760
9963
9241
10375
4179
14291
3977
9598
5492
1919
8435
17445
7028
14309
4195
5352
6003
4845
6537
4072
19078
2052
5108
5250
7050
6016
19611
662
3363
6621
9735
9903
233
14499
7054
7817
10957
16530
12469
9573
1019
8833
627
9690
4215
8453
1224
8892
2564
5606
5794
9524
15781
9447
7229
19466
5617
7728
195
8145
13104
7020
9986
5145
8528
8211
18827
4092
5279
6522
9091
2965
4145
7334
16223
82
6877
5866
16714
16899
7571
2169
4057
3343
14448
1002
4235
7928
9812
16435
10600
6594
9736
11627
11111
14904
12535
1909
10702
1402
3086
372
15117
11647
4829
12060
14533
1271
17542
6703
3619
12220
16334
7543
2752
18275
3846
10852
1767
8643
7562
13060
12504
11622
8776
8143
4513
19147
13726
5341
9321
10586
17741
3778
843
3148
12671
18974
4962
3241
6377
599
9044
14830
7327
19116
2982
14871
7471
14291
4702
4923
8646
1708
25
17367
6868
19242
3582
4932
11258
4860
11093
15400
3536
17205
16227
17477
4299
4804
7241
4490
4574
5124
696
17701
12502
2339
8043
3759
6587
7810
10982
15543
10624
6151
16003
1894
13162
2307
873
18067
1285
9754
649
5350
3701
11644
5626
10783
1709
12907
6366
673
1376
17709
2590
14473
6616
2500
945
13471
10776
3445
4097
5666
4173
11012
7021
3326
3226
4878
6880
8758
7097
1787
8983
9823
7921
13069
12083
8527
5159
5057
8120
17394
7018
3098
6427
14696
7694
986
8423
2213
5646
19701
13555
10028
3856
9796
13168
7564
15883
11042
9410
14453
9474
9290
19138
4937
10220
4724
8261
12407
2273
7674
1454
13551
11903
11666
12039
7689
9451
12126
8641
12213
12017
11244
944
5570
9795
11095
4871
8672
9255
3861
1438
17314
6559
845
10749
12930
14848
8539
18264
11273
6172
678
4973
18370
783
19765
13055
8315
8259
3022
18147
18491
2544
6621
4714
13306
10902
11326
1572
5505
15012
1294
18558
16225
8241
6192
6880
1300
3202
1696
3865
14042
9773
11187
19435
10510
9438
17179
7538
1919
8088
14097
4092
13906
12175
9927
15886
18855
14161
5257
10499
5325
944
11455
14367
19002
8253
6790
18618
10093
690
731
17457
691
16558
12692
6670
3218
3847
8839
14965
8303
1554
942
2756
14391
1805
3000
7000
16467
2484
10066
12749
8011
2112
5812
17969
11219
12026
11387
18546
11974
11737
17810
13953
13441
7198
2881
3059
6387
12358
18902
2201
8297
19060
5180
7859
10704
7775
1609
8967
10727
11295
13223
5339
5601
1388
1264
6853
1122
15036
2191
13847
6106
4001
1738
4748
7866
1987
10015
11414
8244
6117
12545
12778
17018
15930
754
8828
4912
6921
6634
85
12610
18268
17599
1627
18888
13397
10541
2030
6892
15566
9703
7271
4157
6624
16999
2990
18497
2737
17390
15727
5316
8047
11
15523
4242
7156
4928
6857
4287
3669
9812
7213
19768
1704
2746
5810
17258
4471
4490
7930
2139
19846
1962
6083
3410
3926
2997
1515
7050
2702
12726
14883
16208
10374
4110
1608
12980
8310
1585
269
11307
19701
2095
16855
5392
11415
18051
5967
2308
17434
8098
3413
16995
7810
3923
403
6379
5263
4487
11095
13792
2645
10725
10962
9354
16438
3752
18786
10801
8557
1386
639
1651
17625
3380
11424
14288
4872
425
4047
14343
16577
14378
14841
5936
5398
16611
7344
9138
261
6190
7651
2451
3238
1324
11405
17948
9600
14001
6819
16128
8977
16442
5790
19662
19968
10688
7187
10959
4610
19579
400
144
19116
12790
184
14747
7698
14836
14637
4358
8284
1455
3130
9930
9587
7294
3819
18493
4374
5813
16819
8082
11037
10560
14374
14872
16020
5377
8826
2850
6252
17786
13803
6579
8929
10279
2449
11881
9401
4507
2806
4742
5491
5731
6212
12332
10041
2373
3712
11435
3536
14251
1269
17842
12585
2117
14143
1152
3977
1553
18648
15571
15460
5141
2405
2744
14126
10302
6272
2333
556
5986
2939
806
12458
15910
11177
14038
7012
16811
11133
6688
1475
16494
5503
19523
14134
11963
2499
1310
12448
13245
3826
3831
961
1851
9440
543
11107
17004
2250
1212
5165
6361
13046
4888
7614
11296
12518
2004
1252
3693
7762
1358
4600
6671
9521
9884
3991
2033
12871
8086
4701
3738
5971
4821
9663
6426
5399
3555
11634
4141
2666
13769
10236
3676
11679
2939
6329
1684
3363
4498
5543
5143
4903
3856
9166
15094
12160
11723
10390
1490
6928
12104
8370
6010
13451
5063
10469
11481
14267
961
4873
10845
8478
5744
7234
13128
9651
300
8238
4371
2503
16421
14450
7131
2487
16761
5066
10107
8288
2245
10455
7887
6901
7042
8640
18753
16022
18644
10907
7813
1482
236
3590
2495
8546
4135
7476
11038
279
2541
12698
15171
8906
10083
2743
18899
12660
13552
16903
2615
5242
19834
6030
849
17683
15968
9438
12284
18098
11821
2346
1178
5045
11765
11571
7112
8910
6815
11197
3597
6378
1486
496
10417
2571
14941
11266
14590
6477
9425
10891
2171
17138
5397
1612
19132
6239
10727
7585
18937
18886
11080
1033
18841
1683
6147
4808
6196
2333
10129
12367
10569
5194
6797
7001
18155
15331
10216
7348
17328
8317
7034
7391
2676
16897
5523
11945
12769
9878
14024
9900
9997
16367
11144
1604
2871
10666
7245
6559
10946
7095
2666
10959
1468
15524
12818
2004
13216
12009
9651
19681
6488
11355
1529
8451
1448
19820
238
350
15781
4946
15491
9411
7113
4288
12264
12752
9270
431
2128
11152
5453
8175
1347
16848
6124
12143
1524
15983
15178
9886
9838
8309
4927
7042
19207
3143
11546
7257
3063
6695
1526
15246
6399
6158
8453
7813
11848
9253
11616
9502
7201
4440
5622
13469
1280
13748
4048
2944
297
2658
10111
8673
11155
9983
2014
18970
18640
19834
7858
7786
16200
4427
15180
3800
9043
10108
3158
17266
4798
4869
2768
8435
11352
17082
9651
19425
5944
16280
8022
768
9960
19900
14148
12897
3705
1060
18868
5008
9499
3681
6678
9849
19413
19375
9488
8908
2637
15472
17532
6338
5725
3539
5607
9635
11910
16434
8325
2066
11261
15710
2287
2949
10114
5738
3937
747
2922
17287
6657
10514
1128
7712
4899
14925
12435
5638
18876
19623
17683
16558
2884
12736
11957
5918
3789
10901
9509
3256
530
1272
18964
2956
10366
5848
5729
1024
4129
10826
18338
16668
9653
8831
2047
5368
10565
5213
7671
13290
6224
4667
12473
3424
3446
1258
5621
2024
9452
10902
1998
8545
19262
11917
9710
3436
10180
11326
11950
12301
14518
820
6763
1906
1959
18245
18134
5822
7887
2580
10629
2281
5436
9287
10670
2221
1534
19008
12013
3060
14080
10672
340
2078
13706
6625
12151
7117
7803
1659
15881
871
1373
10499
6245
12749
6528
12336
8027
6172
11846
15373
4829
1454
18571
7375
19677
2709
14572
6076
12100
8127
17529
14608
4387
10420
9493
9975
11116
11293
504
14004
18042
2889
11635
8386
9412
2788
248
755
2254
1504
6483
8436
10295
18777
6849
2823
4247
7472
5372
3620
9094
1417
11525
3614
14551
7666
4788
8678
10350
15371
5253
12188
4415
6152
2033
12715
8906
4098
8349
8511
653
2668
14626
4999
6713
6087
10525
15230
13119
13699
1785
9752
13408
2505
13478
8885
6220
2338
2029
9519
11644
11963
8767
14533
1110
14823
613
8204
16743
10747
7450
5108
8420
12422
7355
7726
8163
12502
9523
4438
12187
6123
16342
15953
9220
7293
2036
3928
11724
258
12153
8957
4133
11668
15904
7335
10440
13551
8804
10885
8741
1906
13327
8136
3905
9588
2282
18989
13310
758
2710
4751
2123
7454
1720
2793
15262
4246
8907
12371
5101
2279
17244
10693
5297
4031
14630
4337
17527
13019
9158
12589
7815
5030
13936
8557
8410
14630
78
2682
5982
3303
3944
10696
4327
15806
4844
251
15629
3499
11725
18027
3376
13452
4767
8690
11077
16667
5766
5971
6709
6465
3531
6740
8628
18072
4136
5657
2609
2180
7459
6842
15976
4497
2591
9344
13780
7882
8074
10126
2193
19581
3134
5735
9664
3069
5995
549
12211
3990
15926
15553
6759
13469
3974
7341
4820
6864
11116
8105
4017
11432
11442
8308
4601
1570
8175
5733
15225
4188
10103
149
8017
9623
18891
8043
9700
4979
4247
4776
5755
2155
984
17318
7040
15833
8195
3655
12955
4063
5640
2919
9159
9054
8407
3695
4041
5108
16138
9433
4484
4881
13455
3050
10394
7657
16753
12076
108
11520
1304
12351
412
4347
11618
16860
16760
3750
624
3086
17308
7833
18746
9791
1578
14289
7312
5891
6538
10625
945
12045
8077
14885
6901
4435
8725
6928
15590
8145
4147
7582
1952
7931
7127
7979
10345
1298
9001
2462
15966
5225
3429
16687
18124
16489
9568
8954
12714
4329
5804
16357
15010
10087
12688
19128
4503
19753
7594
5184
4198
1939
4370
5793
820
7229
13422
3073
222
17234
6519
535
7150
8105
4835
7279
791
17293
13976
2611
12307
16473
2150
10783
1114
11723
18215
13464
18179
5365
19429
5060
9935
17153
2529
8985
10493
17786
4833
6155
3984
15858
2404
3092
18312
4368
12227
6402
18544
3496
248
8237
17669
11071
10968
3690
17332
2757
8975
11654
4106
12068
19359
7474
11522
16252
13356
1158
9854
1398
1390
1961
3044
8550
9507
12153
2812
7132
4971
10187
1813
269
4275
10234
1039
5098
19051
4968
1518
10244
8025
130
16317
10876
7460
635
11340
7452
5543
10579
7674
6501
2531
2151
6585
7427
11516
4144
14014
6771
4224
9763
14986
13986
5226
1122
14705
12076
5066
16803
6010
5501
7057
8536
524
16476
11565
10557
12641
13917
5393
9906
2560
7428
1700
3781
8282
3771
736
15668
11367
9145
5044
1125
8025
963
8319
9621
12515
12117
4395
2470
13467
11694
1685
6443
1660
15807
17228
10261
11383
9869
14388
17512
9808
3262
5621
391
4838
7552
14430
5323
11393
3103
11523
6223
19556
11794
7478
1076
5753
5063
11570
10000
4912
17760
12583
4926
10334
9467
13408
9708
14285
16804
8112
336
9976
18464
904
9218
7726
19626
8417
12678
16973
9610
19853
13101
6547
6112
19375
6092
10385
6866
18628
3228
16939
5336
9575
8153
5113
8382
8525
12790
7359
11509
1620
1262
4683
4091
12223
11579
3007
8896
4807
13600
6654
4698
12666
2294
19282
24
12564
9854
861
19898
2920
1818
8016
1862
19
18995
13737
3228
13370
18548
2295
7531
17172
14045
12863
15876
14073
9149
11451
6657
14870
11302
19900
13749
3619
50
12214
19332
14822
2898
13408
7162
17327
8285
12432
10075
15651
16532
8476
7425
7047
6236
3325
5678
9374
17241
4325
7495
5304
8070
12163
12621
1227
7834
6388
11588
5506
4437
6054
6790
11343
19352
5178
4805
19898
17376
11142
6646
16371
3463
9525
11851
10897
2906
14428
4542
18928
8974
464
19840
9360
7884
15154
9388
4615
7018
184
17080
10257
14378
10757
6022
16906
11531
1605
6001
8492
18268
3851
824
6938
15219
1831
702
11781
15774
14276
9697
12239
3473
4261
14135
4422
1817
15339
4290
9900
19397
921
8040
790
4873
10306
485
15642
1330
10162
1717
19131
12826
8137
5645
8477
5700
10970
3747
19417
3313
8828
7244
9317
17433
3886
7437
18133
10282
18903
13717
18721
3815
3769
5839
7501
1085
12979
9105
6611
10057
16321
5050
9747
3124
10769
11723
19954
7769
18313
13827
4733
2862
8706
7414
10392
3355
15214
6088
3033
6458
6613
7894
2508
9439
3832
10606
17642
16855
7117
15274
625
14379
2005
9767
13786
6057
16521
13015
10340
5408
4920
13326
8845
2649
19173
16127
10854
3799
17976
6058
11087
15744
6116
18850
8641
7871
10160
7832
8597
5874
15802
17609
3538
13826
15160
12847
4239
6766
3807
11664
9463
5436
11383
3647
2270
1249
4593
3304
12914
167
17429
4623
10190
8041
8771
6995
18452
3398
351
17823
14903
19737
1952
3598
15856
18149
16713
7554
1245
16662
10589
10240
4030
3024
12345
8780
8974
6277
2467
15943
12649
3995
12745
10850
7608
6562
19618
4902
3308
2226
14269
10081
12378
16043
19295
10690
5517
41
3568
9113
11645
1371
11622
18431
4458
3758
14998
14428
6131
14773
5606
2587
2390
6483
1146
3359
3536
2406
6819
2874
8156
6914
9023
3531
5188
10438
3717
6401
3497
12670
9788
6873
2355
6396
14384
12350
11845
11729
8358
10688
5982
8289
2897
13613
6813
17793
4992
8501
11614
12358
1532
19580
19534
1270
9714
9065
12437
12602
7660
17999
4626
18676
11234
2935
13763
3862
2135
5047
18746
10344
12633
9069
4647
11754
16204
6198
11142
19986
12421
1896
19389
17288
7470
4539
1281
17306
11203
8485
7808
4881
6442
1828
8757
7261
8183
1761
12455
2636
18768
2335
128
129
9283
62
12754
11267
4725
5466
16173
5594
4516
11870
4127
10421
498
6705
1695
9652
15492
16581
16136
3279
12572
929
5335
10931
14535
5839
8031
6371
13220
15541
5839
3422
10612
5026
2833
7204
4665
11609
7830
760
1630
2491
11941
15330
450
4270
8020
4109
3298
3643
10430
11529
2381
7343
14602
10309
10944
3136
9667
8952
3764
7451
11408
11618
4785
5529
17872
9913
7958
7866
5957
8797
10922
4745
13837
5786
6621
10843
13726
4030
3866
7370
6243
1666
18277
9817
1142
17271
6131
14790
3474
6220
7620
11644
5022
6576
2072
18061
17115
1266
8034
11597
12120
8324
2751
18531
13260
6428
1458
532
9786
7094
16032
7474
10847
1148
6316
19328
9279
2461
7462
11743
4945
4427
16173
5326
2472
704
6964
5720
8172
6034
2109
15326
17130
9388
8539
7673
11781
10529
7052
19866
13830
8829
6745
5703
5765
4924
8969
291
8653
10681
10264
11760
16442
6214
937
17930
6622
2579
11284
8469
14561
2612
18411
3294
9281
3245
10535
15384
10943
1990
19031
4942
19441
13374
16336
16784
1690
8615
7775
452
5826
12590
14332
1430
17367
8645
4559
6140
7208
6943
8790
7097
11650
6700
4678
462
17385
7476
7798
5246
12133
6271
15785
10849
18232
10055
11336
2840
8137
6862
8977
12319
5603
18420
10976
9200
13565
13552
15317
8372
7532
10701
18464
10664
15552
11511
2999
1320
7032
3975
9131
4532
12675
3406
18423
6512
2598
8697
11665
1540
6427
14246
5579
6867
3004
1605
5444
5867
1399
5856
17554
13216
12595
12437
9962
2026
8272
19246
13509
17671
15612
10668
2821
8424
4173
16535
16401
3660
12398
19093
8748
2761
12652
897
4279
4727
6467
19670
4442
1496
11308
11726
15767
7785
8822
6349
17928
3412
1213
4265
19903
4159
11206
6666
6750
7143
7419
11640
3437
2887
1411
19936
3270
1955
14834
8753
13607
6445
19326
2665
8484
18796
4155
11416
10634
7478
11105
18715
3298
15625
5505
5218
7265
12739
1188
15763
4510
6108
6427
12397
4262
5689
10057
11207
1065
9271
2305
3049
17385
19213
11584
2222
19016
3502
1791
8454
9260
11325
13442
13655
2664
5501
14081
11096
9508
15442
10315
12954
9189
7867
792
7090
13988
4327
11854
358
16825
2414
4357
10609
10765
692
2194
1709
11027
4725
17341
11334
6827
5459
18050
12262
6167
6520
12336
6626
6808
16044
8295
8202
15751
18416
19239
19799
8030
12218
7345
6397
12471
15533
2729
1129
8611
2610
4760
7330
16558
14287
14837
10831
2838
18391
16613
2372
15757
17538
4429
9440
4486
12195
3731
6871
9914
5629
7897
5457
18213
8853
17286
1034
11466
3962
11302
628
3881
12960
870
11604
1398
3476
4350
9512
9550
1906
17207
4979
17264
11867
12543
12574
3183
16349
2919
5870
9652
18635
9368
3019
7647
1457
985
7384
15323
8484
8325
6998
6564
12342
8493
3973
5551
8946
16966
19852
5976
2460
6680
9971
10281
11911
5537
1956
6766
10940
10637
11375
4881
8173
10513
6883
7754
11333
9956
19068
842
17585
6459
1831
9786
14076
6912
10360
3098
812
10161
7812
11092
8897
1576
1701
10280
2078
171
16226
6045
1639
12547
4121
14389
12353
48
19329
8345
8256
10347
3017
11191
1490
838
11794
12017
5062
9333
6054
12060
14670
9174
937
4054
7160
9736
326
11610
14373
2404
9736
2922
5867
10998
5536
8469
5407
2486
386
10876
2466
10517
10554
527
4508
3037
1321
10093
5550
17428
16318
19425
9874
14581
8596
9678
3440
12313
14338
2093
320
4446
4215
3860
1783
18837
5477
3148
574
18798
16968
2806
2650
11155
6261
2069
4549
6819
7713
8391
19004
11083
14465
3950
2880
10165
8545
19915
4173
10219
12106
6661
6787
3055
2822
8271
6819
7182
19110
15628
17787
95
8673
10351
1975
3841
6000
9111
3931
8886
939
17746
114
13672
10392
4851
8041
12689
8096
11834
19979
10144
18786
9938
3778
2111
6657
12000
17080
11839
9503
10288
11863
4750
12397
13381
4462
15956
15796
3026
8278
10470
7640
691
10847
9957
12591
8739
14960
3176
8415
9630
2799
9416
8515
2471
3892
7858
11151
4542
17422
16199
3267
13497
15951
4017
7093
12534
10235
10087
2668
16656
8983
14134
13158
5698
17260
4854
719
2463
12841
7136
8422
16451
17031
11097
1246
6858
7263
2956
1040
9155
8176
12923
8089
1310
9217
13535
3165
8254
2603
1857
5786
17692
10061
11050
11647
476
4077
1415
14837
6591
12202
4537
1114
14483
14045
4464
15230
15749
15388
17782
6991
15400
3654
9521
10422
1762
9231
8494
13921
4115
17924
5912
1595
11206
13270
10801
5701
8097
8473
5290
10582
5077
18371
13644
7153
4199
5961
17729
7816
2943
19440
4724
8085
399
18968
4638
1090
12394
1429
19212
2636
3298
14183
17400
12797
7603
8157
14389
11102
16112
16473
928
11003
14805
8711
16983
3830
17312
665
5672
4812
2172
2055
662
8263
4114
3619
4395
4568
9708
5938
169
2371
7920
12934
17588
11475
615
4738
610
5956
19380
4602
4716
2838
10060
1073
8500
10778
6388
7729
6279
10605
1402
507
8709
9661
2180
2206
259
15699
1467
9904
271
8667
8715
10170
11663
2008
547
6922
5650
5372
14725
17402
6280
7349
9061
7949
19723
6571
4285
1540
5039
13786
2577
17576
7295
14197
16831
15871
368
2481
938
6296
12090
7888
17254
13272
10513
10051
12222
3667
476
7030
18543
13589
14298
7836
2759
1924
18803
1245
10180
10036
11088
3341
10804
745
3750
4926
8537
15317
4050
13878
3607
10566
6866
11647
16659
6044
8114
14601
18716
5403
8814
4348
3768
17199
10425
11198
18397
8303
5108
512
13481
4402
4869
12168
5396
1950
11203
8757
17753
6952
9274
15235
6276
5995
6686
15287
785
11785
6322
18234
10808
12798
7030
4987
18504
17409
4281
17594
7728
1755
8565
12488
10967
19500
15635
12635
3467
1812
10379
7573
9483
6838
11733
9180
15425
13947
14196
4713
10612
1619
15314
12681
12144
16739
16161
5276
5430
7776
16171
8532
6227
18436
16081
4821
2131
1535
10913
15803
1575
14007
9937
10314
10197
12680
14123
11799
5138
2148
9599
11684
5204
8342
11676
17960
17607
2710
3383
10181
2395
5047
12530
10437
4802
4552
10853
18647
2817
14415
4135
3575
16893
16251
5267
15239
8666
2156
3162
10029
11559
17911
18715
3002
6666
11295
10998
10837
17667
13244
4577
17014
15909
598
16097
885
10223
9044
19585
6464
566
12509
785
5545
4163
8632
8996
11126
18284
627
9484
8050
8602
6552
19739
2731
14461
3832
16218
8111
10813
1256
5237
1800
11784
6108
19566
7404
10657
2849
10920
2585
16439
11943
16353
5721
1754
14574
2273
12517
4801
6955
4115
4696
14801
8724
4574
19328
8330
4004
19241
14273
14973
17963
10958
176
10491
5834
3217
9672
513
6494
4895
16960
10400
13047
8044
5697
7081
9122
6990
4272
9892
18976
4635
11994
4794
11229
8716
11525
8960
65
11079
7726
15525
18624
6822
2078
1762
2201
1820
10982
17124
12656
8196
17206